timestamp_ns,phase,event,value,ptr,size
485194404803,MEMORY,alloc,472,0x5dedc24d62a0,472
485194735143,MEMORY,free,472,0x5dedc24d62a0,0
485194742322,MEMORY,alloc,472,0x5dedc24d62a0,472
485194835096,MEMORY,free,472,0x5dedc24d62a0,0
485194841227,MEMORY,alloc,472,0x5dedc24d62a0,472
485194922541,MEMORY,free,472,0x5dedc24d62a0,0
485241780671,INIT,reverse_engineering_start,0,(nil),0
485242438549,MEMORY,alloc,4096,0x5dedc24d6480,4096
485242441796,REVERSE,libigdrcl_start,0,(nil),0
485242454159,MEMORY,alloc,52,0x5dedc24d7490,52
485244370725,MEMORY,alloc,52,0x5dedc24d79f0,52
485246110813,MEMORY,alloc,38,0x5dedc24d7a30,38
485246372126,MEMORY,alloc,38,0x5dedc24d7f50,38
485246957458,MEMORY,alloc,37,0x5dedc24d7f80,37
485247305032,MEMORY,alloc,37,0x5dedc24d84a0,37
485248409539,MEMORY,alloc,32,0x5dedc24d84d0,32
485248640488,MEMORY,alloc,32,0x5dedc24d89f0,32
485249162179,MEMORY,alloc,36,0x5dedc24d8a20,36
485249382031,MEMORY,alloc,36,0x5dedc24d8f40,36
485250190104,MEMORY,alloc,72,0x5dedc24d8f70,72
485250203270,MEMORY,alloc,88,0x5dedc24d8fc0,88
485250209500,MEMORY,alloc,56,0x5dedc24d9020,56
485250212211,MEMORY,alloc,56,0x5dedc24d9060,56
485250214110,MEMORY,alloc,120,0x5dedc24d90a0,120
485251251840,MEMORY,free_unknown,0,0x5dedc24da160,0
485251974027,MEMORY,free_unknown,0,0x5dedc24da550,0
485255558966,MEMORY,alloc,144,0x5dedc24da550,144
485255561283,MEMORY,alloc,40,0x5dedc24da5f0,40
485255572023,MEMORY,alloc,2304,0x5dedc24dbcf0,2304
485255574071,MEMORY,free,40,0x5dedc24da5f0,0
485255832933,MEMORY,alloc,73728,0x5dedc24dc600,73728
485255843620,MEMORY,alloc,216,0x5dedc24da620,216
485256837799,MEMORY,alloc,21,0x5dedc24da700,21
485256838557,MEMORY,alloc,19,0x5dedc24da720,19
485258411679,MEMORY,alloc,8,0x5dedc24da740,8
485258412243,MEMORY,alloc,16,0x5dedc24da760,16
485258413637,MEMORY,free,8,0x5dedc24da740,0
485258416445,MEMORY,alloc,472,0x5dedc24d62a0,472
485258749155,MEMORY,free,472,0x5dedc24d62a0,0
485258751634,MEMORY,alloc,472,0x5dedc24d62a0,472
485258882728,MEMORY,free,472,0x5dedc24d62a0,0
485258884550,MEMORY,free,16,0x5dedc24da760,0
485259196355,MEMORY,alloc,8,0x5dedc24da760,8
485259896254,MEMORY,alloc,31,0x5dedc24da5f0,31
485259897724,MEMORY,free,31,0x5dedc24da5f0,0
485259898549,MEMORY,alloc,31,0x5dedc24da5f0,31
485259899223,MEMORY,free,31,0x5dedc24da5f0,0
485259899760,MEMORY,alloc,31,0x5dedc24da5f0,31
485259900646,MEMORY,free,31,0x5dedc24da5f0,0
485259901396,MEMORY,alloc,36,0x5dedc24da5f0,36
485259902150,MEMORY,free,36,0x5dedc24da5f0,0
485259902654,MEMORY,alloc,32,0x5dedc24da5f0,32
485259903206,MEMORY,free,32,0x5dedc24da5f0,0
485259903594,MEMORY,alloc,31,0x5dedc24da5f0,31
485259904115,MEMORY,free,31,0x5dedc24da5f0,0
485259904566,MEMORY,alloc,31,0x5dedc24da5f0,31
485259905153,MEMORY,free,31,0x5dedc24da5f0,0
485259905601,MEMORY,alloc,31,0x5dedc24da5f0,31
485259906205,MEMORY,free,31,0x5dedc24da5f0,0
485260257765,MEMORY,alloc,31,0x5dedc24da5f0,31
485260259336,MEMORY,free,31,0x5dedc24da5f0,0
485260259995,MEMORY,alloc,31,0x5dedc24da5f0,31
485260260814,MEMORY,free,31,0x5dedc24da5f0,0
485260261173,MEMORY,alloc,31,0x5dedc24da5f0,31
485260261834,MEMORY,free,31,0x5dedc24da5f0,0
485260262859,MEMORY,alloc,31,0x5dedc24da5f0,31
485260263575,MEMORY,free,31,0x5dedc24da5f0,0
485260263912,MEMORY,alloc,31,0x5dedc24da5f0,31
485260264631,MEMORY,free,31,0x5dedc24da5f0,0
485260264973,MEMORY,alloc,31,0x5dedc24da5f0,31
485260265464,MEMORY,free,31,0x5dedc24da5f0,0
485260266550,MEMORY,alloc,38,0x5dedc24da5f0,38
485260267185,MEMORY,free,38,0x5dedc24da5f0,0
485260267564,MEMORY,alloc,34,0x5dedc24da5f0,34
485260268183,MEMORY,free,34,0x5dedc24da5f0,0
485260268558,MEMORY,alloc,31,0x5dedc24da5f0,31
485260269035,MEMORY,free,31,0x5dedc24da5f0,0
485263496663,MEMORY,alloc,24,0x5dedc24da740,24
485263498924,MEMORY,alloc,20,0x5dedc24da780,20
485263499316,MEMORY,alloc,16,0x5dedc24da7a0,16
485263898794,MEMORY,alloc,72,0x5dedc24da7c0,72
485263899822,MEMORY,alloc,72,0x5dedc24da810,72
485263900400,MEMORY,alloc,72,0x5dedc24da860,72
485263900843,MEMORY,alloc,72,0x5dedc24da8b0,72
485263901264,MEMORY,alloc,72,0x5dedc24da900,72
485263902794,MEMORY,alloc,72,0x5dedc24da950,72
485263903247,MEMORY,alloc,72,0x5dedc24da9a0,72
485263903667,MEMORY,alloc,72,0x5dedc24da9f0,72
485263904183,MEMORY,alloc,72,0x5dedc24daa40,72
485263904503,MEMORY,alloc,72,0x5dedc24daa90,72
485263905344,MEMORY,alloc,72,0x5dedc24daae0,72
485263905754,MEMORY,alloc,72,0x5dedc24dab30,72
485263907920,MEMORY,alloc,72,0x5dedc24dab80,72
485263908400,MEMORY,alloc,72,0x5dedc24dabd0,72
485263908979,MEMORY,alloc,72,0x5dedc24dac20,72
485263909544,MEMORY,alloc,72,0x5dedc24dac70,72
485263910627,MEMORY,alloc,72,0x5dedc24ee610,72
485263911174,MEMORY,alloc,72,0x5dedc24ee660,72
485263911493,MEMORY,alloc,72,0x5dedc24ee6b0,72
485263911865,MEMORY,alloc,72,0x5dedc24ee700,72
485263912309,MEMORY,alloc,72,0x5dedc24ee750,72
485263912749,MEMORY,alloc,72,0x5dedc24ee7a0,72
485263913322,MEMORY,alloc,72,0x5dedc24ee7f0,72
485263913893,MEMORY,alloc,72,0x5dedc24ee840,72
485263914337,MEMORY,alloc,72,0x5dedc24ee890,72
485263914869,MEMORY,alloc,72,0x5dedc24ee8e0,72
485263915323,MEMORY,alloc,72,0x5dedc24ee930,72
485263919103,MEMORY,alloc,72,0x5dedc24ee980,72
485263919538,MEMORY,alloc,72,0x5dedc24ee9d0,72
485263919965,MEMORY,alloc,72,0x5dedc24eea20,72
485263920385,MEMORY,alloc,72,0x5dedc24eea70,72
485263923288,MEMORY,alloc,72,0x5dedc24eeac0,72
485263923748,MEMORY,alloc,72,0x5dedc24eeb10,72
485263924249,MEMORY,alloc,72,0x5dedc24eeb60,72
485263924781,MEMORY,alloc,72,0x5dedc24eebb0,72
485263925197,MEMORY,alloc,72,0x5dedc24eec00,72
485263925794,MEMORY,alloc,72,0x5dedc24eec50,72
485263926270,MEMORY,alloc,72,0x5dedc24eeca0,72
485263926655,MEMORY,alloc,72,0x5dedc24eecf0,72
485263927115,MEMORY,alloc,72,0x5dedc24eed40,72
485263927631,MEMORY,alloc,72,0x5dedc24eed90,72
485263928123,MEMORY,alloc,72,0x5dedc24eede0,72
485263928635,MEMORY,alloc,72,0x5dedc24eee30,72
485263929018,MEMORY,alloc,72,0x5dedc24eee80,72
485263929719,MEMORY,alloc,72,0x5dedc24eeed0,72
485264776371,MEMORY,alloc,4,0x5dedc24dacc0,4
485264776891,MEMORY,alloc,4,0x5dedc24dace0,4
485264778079,MEMORY,alloc,72,0x5dedc24eef20,72
485264778447,MEMORY,alloc,4,0x5dedc24eef70,4
485264780800,MEMORY,free,4,0x5dedc24dace0,0
485264781422,MEMORY,free,4,0x5dedc24dacc0,0
485264782543,MEMORY,alloc,2,0x5dedc24dacc0,2
485264783162,MEMORY,alloc,50,0x5dedc24eef90,50
485264795452,MEMORY,alloc,4,0x5dedc24dace0,4
485264795893,MEMORY,alloc,4,0x5dedc24eefd0,4
485264804371,MEMORY,alloc,72,0x5dedc24eeff0,72
485264804843,MEMORY,alloc,4,0x5dedc24ef040,4
485264813209,MEMORY,free,4,0x5dedc24eefd0,0
485264813754,MEMORY,free,4,0x5dedc24dace0,0
485264817058,MEMORY,alloc,4,0x5dedc24dace0,4
485264817301,MEMORY,alloc,4,0x5dedc24eefd0,4
485264817747,MEMORY,alloc,72,0x5dedc24ef480,72
485264818087,MEMORY,alloc,4,0x5dedc24ef4d0,4
485264818674,MEMORY,free,4,0x5dedc24eefd0,0
485264819179,MEMORY,free,4,0x5dedc24dace0,0
485264820008,MEMORY,alloc,38,0x5dedc24da5f0,38
485264820744,MEMORY,alloc,10,0x5dedc24dace0,10
485264821319,MEMORY,alloc,36,0x5dedc24ef4f0,36
485264821987,MEMORY,alloc,4,0x5dedc24eefd0,4
485264822323,MEMORY,alloc,4,0x5dedc24ef520,4
485264822716,MEMORY,alloc,72,0x5dedc24ef540,72
485264833425,MEMORY,alloc,4,0x5dedc24ef590,4
485264834141,MEMORY,free,4,0x5dedc24ef520,0
485264834671,MEMORY,free,4,0x5dedc24eefd0,0
485264835753,MEMORY,alloc,4,0x5dedc24eefd0,4
485264835959,MEMORY,alloc,4,0x5dedc24ef520,4
485264836316,MEMORY,alloc,72,0x5dedc24ef5b0,72
485264836562,MEMORY,alloc,4,0x5dedc24ef600,4
485264837024,MEMORY,free,4,0x5dedc24ef520,0
485264837522,MEMORY,free,4,0x5dedc24eefd0,0
485265394036,MEMORY,alloc,4,0x5dedc24eefd0,4
485265394286,MEMORY,alloc,4,0x5dedc24ef520,4
485265395408,MEMORY,alloc,72,0x5dedc24ef620,72
485265395668,MEMORY,alloc,4,0x5dedc24ef670,4
485265397249,MEMORY,free,4,0x5dedc24ef520,0
485265397794,MEMORY,free,4,0x5dedc24eefd0,0
485265398604,MEMORY,alloc,4,0x5dedc24eefd0,4
485265398773,MEMORY,alloc,4,0x5dedc24ef520,4
485265399021,MEMORY,alloc,72,0x5dedc24ef690,72
485265399222,MEMORY,alloc,4,0x5dedc24ef6e0,4
485265399535,MEMORY,free,4,0x5dedc24ef520,0
485265399961,MEMORY,free,4,0x5dedc24eefd0,0
485265400892,MEMORY,alloc,4,0x5dedc24eefd0,4
485265401060,MEMORY,alloc,4,0x5dedc24ef520,4
485265401302,MEMORY,alloc,72,0x5dedc24ef700,72
485265401510,MEMORY,alloc,4,0x5dedc24ef750,4
485265401863,MEMORY,free,4,0x5dedc24ef520,0
485265402191,MEMORY,free,4,0x5dedc24eefd0,0
485266813171,MEMORY,alloc,4,0x5dedc24eefd0,4
485266813480,MEMORY,alloc,4,0x5dedc24ef520,4
485266814903,MEMORY,alloc,72,0x5dedc24ef770,72
485266815241,MEMORY,alloc,4,0x5dedc24ef7c0,4
485266818046,MEMORY,free,4,0x5dedc24ef520,0
485266818732,MEMORY,free,4,0x5dedc24eefd0,0
485266820205,MEMORY,alloc,128,0x5dedc24ef7e0,128
485267400455,MEMORY,alloc,2,0x5dedc24eefd0,2
485267401684,MEMORY,alloc,18,0x5dedc24ef520,18
485267449116,MEMORY,alloc,37,0x5dedc24efc90,37
485267449471,MEMORY,alloc,37,0x5dedc24efcc0,37
485267449732,MEMORY,alloc,37,0x5dedc24efcf0,37
485267450069,MEMORY,alloc,37,0x5dedc24efd20,37
485267450428,MEMORY,alloc,37,0x5dedc24efd50,37
485267455393,MEMORY,alloc,37,0x5dedc24efd80,37
485267455716,MEMORY,alloc,37,0x5dedc24efdb0,37
485267456451,MEMORY,alloc,24,0x5dedc24efde0,24
485267456907,MEMORY,alloc,8,0x5dedc24efe00,8
485267457401,MEMORY,alloc,8,0x5dedc24efe20,8
485267457801,MEMORY,alloc,8,0x5dedc24efe40,8
485267539194,MEMORY,alloc,3831,0x5dedc24efe60,3831
485267542658,MEMORY,alloc,40,0x5dedc24f0d60,40
485267548805,MEMORY,alloc,3831,0x5dedc24f0d90,3831
485267549637,MEMORY,alloc,40,0x5dedc24f1c90,40
485267549982,MEMORY,alloc,72,0x5dedc24f1cc0,72
485267550257,MEMORY,alloc,40,0x5dedc24f1d10,40
485267552457,MEMORY,alloc,104,0x5dedc24f1d40,104
485267554377,MEMORY,free,40,0x5dedc24f1c90,0
485267555193,MEMORY,free,40,0x5dedc24f0d60,0
485267555763,MEMORY,free,3831,0x5dedc24efe60,0
485267558544,MEMORY,alloc,3287,0x5dedc24efe60,3287
485267562002,MEMORY,alloc,50,0x5dedc24f0b40,50
485267569073,MEMORY,alloc,3287,0x5dedc24f1db0,3287
485267569808,MEMORY,alloc,50,0x5dedc24f0b80,50
485267570158,MEMORY,alloc,72,0x5dedc24f0bc0,72
485267570407,MEMORY,alloc,50,0x5dedc24f0c10,50
485267571176,MEMORY,free,50,0x5dedc24f0b80,0
485267571682,MEMORY,free,50,0x5dedc24f0b40,0
485267572270,MEMORY,free,3287,0x5dedc24efe60,0
485267574426,MEMORY,alloc,1187,0x5dedc24efe60,1187
485267575484,MEMORY,alloc,35,0x5dedc24f0d60,35
485267578095,MEMORY,alloc,1187,0x5dedc24f0310,1187
485267578401,MEMORY,alloc,35,0x5dedc24f1c90,35
485267583449,MEMORY,alloc,72,0x5dedc24f0c50,72
485267583731,MEMORY,alloc,35,0x5dedc24f0ca0,35
485267585141,MEMORY,free,35,0x5dedc24f1c90,0
485267585712,MEMORY,free,35,0x5dedc24f0d60,0
485267586261,MEMORY,free,1187,0x5dedc24efe60,0
485267587907,MEMORY,alloc,1199,0x5dedc24f2a90,1199
485267588435,MEMORY,alloc,45,0x5dedc24f0b40,45
485267592372,MEMORY,alloc,1199,0x5dedc24f2f50,1199
485267592703,MEMORY,alloc,45,0x5dedc24f0b80,45
485267593107,MEMORY,alloc,72,0x5dedc24f0cd0,72
485267593539,MEMORY,alloc,45,0x5dedc24f0d20,45
485267594482,MEMORY,free,45,0x5dedc24f0b80,0
485267595147,MEMORY,free,45,0x5dedc24f0b40,0
485267595762,MEMORY,free,1199,0x5dedc24f2a90,0
485267597278,MEMORY,alloc,2572,0x5dedc24f3410,2572
485267598172,MEMORY,alloc,31,0x5dedc24f0d60,31
485267602359,MEMORY,alloc,2572,0x5dedc24f3e30,2572
485267602935,MEMORY,alloc,30,0x5dedc24f1c90,30
485267603879,MEMORY,alloc,72,0x5dedc24f07c0,72
485267604202,MEMORY,alloc,30,0x5dedc24f0810,30
485267605334,MEMORY,free,30,0x5dedc24f1c90,0
485267605986,MEMORY,free,31,0x5dedc24f0d60,0
485267606695,MEMORY,free,2572,0x5dedc24f3410,0
485267607595,MEMORY,alloc,2277,0x5dedc24f3410,2277
485267608386,MEMORY,alloc,40,0x5dedc24f0d60,40
485267612567,MEMORY,alloc,2277,0x5dedc24f4850,2277
485267613057,MEMORY,alloc,40,0x5dedc24f1c90,40
485267613438,MEMORY,alloc,72,0x5dedc24f3d00,72
485267613698,MEMORY,alloc,40,0x5dedc24f3d50,40
485267614772,MEMORY,free,40,0x5dedc24f1c90,0
485267615475,MEMORY,free,40,0x5dedc24f0d60,0
485267616132,MEMORY,free,2277,0x5dedc24f3410,0
485267621424,MEMORY,alloc,6530,0x5dedc24f5140,6530
485267622618,MEMORY,alloc,41,0x5dedc24f0b40,41
485267792685,MEMORY,alloc,6530,0x5dedc24f6ad0,6530
485267798160,MEMORY,alloc,41,0x5dedc24f0b80,41
485267798776,MEMORY,alloc,72,0x5dedc24f3d80,72
485267799243,MEMORY,alloc,41,0x5dedc24f3dd0,41
485267801285,MEMORY,free,41,0x5dedc24f0b80,0
485267802242,MEMORY,free,41,0x5dedc24f0b40,0
485267802777,MEMORY,free,6530,0x5dedc24f5140,0
485267808514,MEMORY,alloc,6550,0x5dedc24f8460,6550
485267809645,MEMORY,alloc,51,0x5dedc24f0b40,51
485267813397,MEMORY,alloc,6550,0x5dedc24f9e00,6550
485267817173,MEMORY,alloc,51,0x5dedc24f0b80,51
485267817756,MEMORY,alloc,72,0x5dedc24f0840,72
485267818045,MEMORY,alloc,51,0x5dedc24f0890,51
485267819176,MEMORY,free,51,0x5dedc24f0b80,0
485267819853,MEMORY,free,51,0x5dedc24f0b40,0
485267820436,MEMORY,free,6550,0x5dedc24f8460,0
485267822283,MEMORY,alloc,6468,0x5dedc24f5140,6468
485267823242,MEMORY,alloc,41,0x5dedc24f0b40,41
485267823822,MEMORY,alloc,6468,0x5dedc24f8460,6468
485267824476,MEMORY,alloc,41,0x5dedc24f0b80,41
485267824849,MEMORY,alloc,72,0x5dedc24f9db0,72
485267825238,MEMORY,alloc,41,0x5dedc24f6a90,41
485267830300,MEMORY,free,41,0x5dedc24f0b80,0
485267831033,MEMORY,free,41,0x5dedc24f0b40,0
485267831644,MEMORY,free,6468,0x5dedc24f5140,0
485267930916,MEMORY,alloc,6484,0x5dedc24fb7a0,6484
485267936555,MEMORY,alloc,51,0x5dedc24f0b40,51
485267940425,MEMORY,alloc,6484,0x5dedc24fd100,6484
485267941415,MEMORY,alloc,51,0x5dedc24f0b80,51
485267941954,MEMORY,alloc,72,0x5dedc24f08d0,72
485267942230,MEMORY,alloc,51,0x5dedc24f0920,51
485267944435,MEMORY,free,51,0x5dedc24f0b80,0
485267945064,MEMORY,free,51,0x5dedc24f0b40,0
485267945624,MEMORY,free,6484,0x5dedc24fb7a0,0
485267946673,MEMORY,alloc,360,0x5dedc24f0960,360
485267947206,MEMORY,alloc,40,0x5dedc24f0d60,40
485267948117,MEMORY,alloc,360,0x5dedc24efe60,360
485267948350,MEMORY,alloc,40,0x5dedc24f1c90,40
485267948578,MEMORY,alloc,72,0x5dedc24effd0,72
485267948793,MEMORY,alloc,40,0x5dedc24f0020,40
485267949811,MEMORY,free,40,0x5dedc24f1c90,0
485267950426,MEMORY,free,40,0x5dedc24f0d60,0
485267951045,MEMORY,free,360,0x5dedc24f0960,0
485267951540,MEMORY,alloc,462,0x5dedc24d62a0,462
485267951931,MEMORY,alloc,40,0x5dedc24f0d60,40
485267952316,MEMORY,alloc,462,0x5dedc24f0050,462
485267952551,MEMORY,alloc,40,0x5dedc24f1c90,40
485267952797,MEMORY,alloc,72,0x5dedc24f0230,72
485267953027,MEMORY,alloc,40,0x5dedc24f0280,40
485267954064,MEMORY,free,40,0x5dedc24f1c90,0
485267954748,MEMORY,free,40,0x5dedc24f0d60,0
485267955529,MEMORY,free,462,0x5dedc24d62a0,0
485267956252,MEMORY,alloc,522,0x5dedc24f2a90,522
485267956758,MEMORY,alloc,40,0x5dedc24f0d60,40
485267957117,MEMORY,alloc,522,0x5dedc24f2cb0,522
485267957378,MEMORY,alloc,40,0x5dedc24f1c90,40
485267957644,MEMORY,alloc,72,0x5dedc24f2ed0,72
485267958093,MEMORY,alloc,40,0x5dedc24f2f20,40
485267959189,MEMORY,free,40,0x5dedc24f1c90,0
485267959877,MEMORY,free,40,0x5dedc24f0d60,0
485267960564,MEMORY,free,522,0x5dedc24f2a90,0
485267961443,MEMORY,alloc,228,0x5dedc24f3410,228
485267962023,MEMORY,alloc,31,0x5dedc24f0d60,31
485267962495,MEMORY,alloc,228,0x5dedc24f3500,228
485267962773,MEMORY,alloc,31,0x5dedc24f1c90,31
485267963071,MEMORY,alloc,72,0x5dedc24f35f0,72
485267963311,MEMORY,alloc,31,0x5dedc24f3640,31
485267964896,MEMORY,alloc,232,0x5dedc24f3670,232
485267966357,MEMORY,free,104,0x5dedc24f1d40,0
485267967116,MEMORY,free,31,0x5dedc24f1c90,0
485267967791,MEMORY,free,31,0x5dedc24f0d60,0
485267968533,MEMORY,free,228,0x5dedc24f3410,0
485267969033,MEMORY,alloc,297,0x5dedc24f3760,297
485267969487,MEMORY,alloc,31,0x5dedc24f0d60,31
485267969971,MEMORY,alloc,297,0x5dedc24f38a0,297
485267970241,MEMORY,alloc,31,0x5dedc24f1c90,31
485267970555,MEMORY,alloc,72,0x5dedc24f39e0,72
485267970794,MEMORY,alloc,31,0x5dedc24f3a30,31
485267972008,MEMORY,free,31,0x5dedc24f1c90,0
485267972601,MEMORY,free,31,0x5dedc24f0d60,0
485267973217,MEMORY,free,297,0x5dedc24f3760,0
485267973783,MEMORY,alloc,374,0x5dedc24f3a60,374
485267974197,MEMORY,alloc,31,0x5dedc24f0d60,31
485267974924,MEMORY,alloc,374,0x5dedc24f5140,374
485267975199,MEMORY,alloc,31,0x5dedc24f1c90,31
485267975516,MEMORY,alloc,72,0x5dedc24f52c0,72
485267975779,MEMORY,alloc,31,0x5dedc24f5310,31
485267976850,MEMORY,free,31,0x5dedc24f1c90,0
485267977554,MEMORY,free,31,0x5dedc24f0d60,0
485267978189,MEMORY,free,374,0x5dedc24f3a60,0
485267978604,MEMORY,alloc,184,0x5dedc24f5340,184
485267979059,MEMORY,alloc,34,0x5dedc24f0d60,34
485267979456,MEMORY,alloc,184,0x5dedc24f5400,184
485267979754,MEMORY,alloc,34,0x5dedc24f1c90,34
485267984949,MEMORY,alloc,72,0x5dedc24f54c0,72
485267985309,MEMORY,alloc,34,0x5dedc24f5510,34
485267986661,MEMORY,free,34,0x5dedc24f1c90,0
485267987380,MEMORY,free,34,0x5dedc24f0d60,0
485267988054,MEMORY,free,184,0x5dedc24f5340,0
485267989390,MEMORY,alloc,4619,0x5dedc24f5540,4619
485267990265,MEMORY,alloc,31,0x5dedc24f0d60,31
485267990943,MEMORY,alloc,4619,0x5dedc24fb7a0,4619
485267991477,MEMORY,alloc,31,0x5dedc24f1c90,31
485267992026,MEMORY,alloc,72,0x5dedc24f02b0,72
485267992483,MEMORY,alloc,31,0x5dedc24f0ad0,31
485267993585,MEMORY,free,4619,0x5dedc24fb7a0,0
485267994570,MEMORY,free,31,0x5dedc24f0ad0,0
485267995387,MEMORY,free,72,0x5dedc24f02b0,0
485268025506,MEMORY,free,31,0x5dedc24f1c90,0
485268026844,MEMORY,free,31,0x5dedc24f0d60,0
485268027604,MEMORY,free,4619,0x5dedc24f5540,0
485268030695,MEMORY,alloc,2752,0x5dedc24f5540,2752
485268032327,MEMORY,alloc,50,0x5dedc24f0b40,50
485268033184,MEMORY,alloc,2752,0x5dedc24fb7a0,2752
485268033645,MEMORY,alloc,50,0x5dedc24f0b80,50
485268034347,MEMORY,alloc,72,0x5dedc24f3be0,72
485268034705,MEMORY,alloc,50,0x5dedc24f0b00,50
485268036603,MEMORY,free,50,0x5dedc24f0b80,0
485268037467,MEMORY,free,50,0x5dedc24f0b40,0
485268038194,MEMORY,free,2752,0x5dedc24f5540,0
485268046827,MEMORY,alloc,14348,0x5dedc24fea60,14348
485268061492,MEMORY,alloc,65,0x5dedc24f3c30,65
485268065704,MEMORY,alloc,14348,0x5dedc2502280,14348
485268075583,MEMORY,alloc,65,0x5dedc24f3c80,65
485268076746,MEMORY,alloc,72,0x5dedc24fc270,72
485268077052,MEMORY,alloc,65,0x5dedc24fc2c0,65
485268079030,MEMORY,free,65,0x5dedc24f3c80,0
485268079818,MEMORY,free,65,0x5dedc24f3c30,0
485268080506,MEMORY,free,14348,0x5dedc24fea60,0
485268087174,MEMORY,alloc,15380,0x5dedc2505aa0,15380
485268101033,MEMORY,alloc,64,0x5dedc24f3c30,64
485268104904,MEMORY,alloc,15380,0x5dedc25096c0,15380
485268117999,MEMORY,alloc,64,0x5dedc24f3c80,64
485268118574,MEMORY,alloc,72,0x5dedc24fc310,72
485268118885,MEMORY,alloc,64,0x5dedc24fc360,64
485268120675,MEMORY,free,64,0x5dedc24f3c80,0
485268121417,MEMORY,free,64,0x5dedc24f3c30,0
485268122087,MEMORY,free,15380,0x5dedc2505aa0,0
485268126948,MEMORY,alloc,29088,0x5dedc250d2e0,29088
485268238528,MEMORY,alloc,67,0x5dedc24f3c30,67
485268239307,MEMORY,alloc,72,0x5dedc24f3c80,72
485268240001,MEMORY,alloc,67,0x5dedc24fc3b0,67
485268242617,MEMORY,free,67,0x5dedc24f3c30,0
485268243692,MEMORY,alloc,12952,0x5dedc24fea60,12952
485268246032,MEMORY,alloc,62,0x5dedc24f3c30,62
485268246606,MEMORY,alloc,72,0x5dedc2501d00,72
485268246840,MEMORY,alloc,62,0x5dedc2501d50,62
485268247813,MEMORY,free,62,0x5dedc24f3c30,0
485268850126,MEMORY,alloc,21640,0x5dedc2514490,21640
485268911600,MEMORY,alloc,57,0x5dedc24f3c30,57
485268912165,MEMORY,alloc,72,0x5dedc2501da0,72
485268912408,MEMORY,alloc,57,0x5dedc2501df0,57
485268915133,MEMORY,free,57,0x5dedc24f3c30,0
485268922457,MEMORY,alloc,44816,0x5dedc2519920,44816
485268964453,MEMORY,alloc,68,0x5dedc24f3c30,68
485268964886,MEMORY,alloc,72,0x5dedc2501e40,72
485268965086,MEMORY,alloc,68,0x5dedc2501e90,68
485268966041,MEMORY,free,68,0x5dedc24f3c30,0
485268969674,MEMORY,alloc,43600,0x5dedc2524840,43600
485269022352,MEMORY,alloc,68,0x5dedc24f3c30,68
485269022971,MEMORY,alloc,72,0x5dedc2501ee0,72
485269023273,MEMORY,alloc,68,0x5dedc2501f30,68
485269024623,MEMORY,free,68,0x5dedc24f3c30,0
485269087000,MEMORY,alloc,40736,0x5dedc252f2a0,40736
485269126826,MEMORY,alloc,67,0x5dedc24f3c30,67
485269127160,MEMORY,alloc,72,0x5dedc2501f80,72
485269127427,MEMORY,alloc,67,0x5dedc2501fd0,67
485269128999,MEMORY,free,67,0x5dedc24f3c30,0
485269280707,MEMORY,alloc,16968,0x5dedc25391d0,16968
485269299616,MEMORY,alloc,62,0x5dedc24f3c30,62
485269300192,MEMORY,alloc,72,0x5dedc2502020,72
485269300582,MEMORY,alloc,62,0x5dedc2502070,62
485269302523,MEMORY,free,62,0x5dedc24f3c30,0
485269310145,MEMORY,alloc,30504,0x5dedc253d420,30504
485269332152,MEMORY,alloc,57,0x5dedc24f3c30,57
485269332539,MEMORY,alloc,72,0x5dedc25020c0,72
485269332725,MEMORY,alloc,57,0x5dedc2502110,57
485269333603,MEMORY,free,57,0x5dedc24f3c30,0
485269336647,MEMORY,alloc,51440,0x5dedc2544b50,51440
485269379152,MEMORY,alloc,68,0x5dedc24f3c30,68
485269379447,MEMORY,alloc,72,0x5dedc2502160,72
485269379623,MEMORY,alloc,68,0x5dedc25021b0,68
485269380382,MEMORY,free,68,0x5dedc24f3c30,0
485269563932,MEMORY,alloc,50416,0x5dedc2551450,50416
485269610630,MEMORY,alloc,68,0x5dedc24f3c30,68
485269611035,MEMORY,alloc,72,0x5dedc2502200,72
485269612223,MEMORY,alloc,68,0x5dedc24fc400,68
485269614083,MEMORY,alloc,472,0x5dedc24d62a0,472
485269616896,MEMORY,free,232,0x5dedc24f3670,0
485269617573,MEMORY,free,68,0x5dedc24f3c30,0
485269729564,MEMORY,alloc,40736,0x5dedc255d950,40736
485269823153,MEMORY,alloc,67,0x5dedc24f3c30,67
485269823897,MEMORY,alloc,72,0x5dedc24fc450,72
485269827392,MEMORY,alloc,67,0x5dedc24fc4a0,67
485269829359,MEMORY,free,67,0x5dedc24f3c30,0
485269832806,MEMORY,alloc,16968,0x5dedc2567880,16968
485269844619,MEMORY,alloc,62,0x5dedc24f3c30,62
485269844932,MEMORY,alloc,72,0x5dedc24fc4f0,72
485269845165,MEMORY,alloc,62,0x5dedc24fc540,62
485269846173,MEMORY,free,62,0x5dedc24f3c30,0
485269925524,MEMORY,alloc,30504,0x5dedc256bad0,30504
485269987747,MEMORY,alloc,57,0x5dedc24f3c30,57
485269988325,MEMORY,alloc,72,0x5dedc24fc590,72
485269988595,MEMORY,alloc,57,0x5dedc24fc5e0,57
485269990171,MEMORY,free,57,0x5dedc24f3c30,0
485269993331,MEMORY,alloc,51440,0x5dedc2573200,51440
485270052788,MEMORY,alloc,68,0x5dedc24f3c30,68
485270053520,MEMORY,alloc,72,0x5dedc24fc630,72
485270054038,MEMORY,alloc,68,0x5dedc24fc680,68
485270055565,MEMORY,free,68,0x5dedc24f3c30,0
485270223843,MEMORY,alloc,50416,0x5dedc257fb00,50416
485270274736,MEMORY,alloc,68,0x5dedc24f3c30,68
485270278251,MEMORY,alloc,72,0x5dedc24fc6d0,72
485270278588,MEMORY,alloc,68,0x5dedc24fc720,68
485270280372,MEMORY,free,68,0x5dedc24f3c30,0
485270287872,MEMORY,alloc,32288,0x5dedc258c000,32288
485270312430,MEMORY,alloc,67,0x5dedc24f3c30,67
485270312744,MEMORY,alloc,72,0x5dedc24fc770,72
485270312930,MEMORY,alloc,67,0x5dedc24fc7c0,67
485270314013,MEMORY,free,67,0x5dedc24f3c30,0
485270314770,MEMORY,alloc,15320,0x5dedc2505aa0,15320
485270317353,MEMORY,alloc,62,0x5dedc24f3c30,62
485270317722,MEMORY,alloc,72,0x5dedc24fc810,72
485270317891,MEMORY,alloc,62,0x5dedc24fc860,62
485270318951,MEMORY,free,62,0x5dedc24f3c30,0
485270322034,MEMORY,alloc,23752,0x5dedc2593e30,23752
485270339784,MEMORY,alloc,57,0x5dedc24f3c30,57
485270340059,MEMORY,alloc,72,0x5dedc24fc8b0,72
485270340232,MEMORY,alloc,57,0x5dedc24fc900,57
485270341142,MEMORY,free,57,0x5dedc24f3c30,0
485270392296,MEMORY,alloc,45072,0x5dedc2599b00,45072
485270426660,MEMORY,alloc,68,0x5dedc24f3c30,68
485270427024,MEMORY,alloc,72,0x5dedc24fc950,72
485270427261,MEMORY,alloc,68,0x5dedc24fc9a0,68
485270428629,MEMORY,free,68,0x5dedc24f3c30,0
485270598925,MEMORY,alloc,44496,0x5dedc25a4b20,44496
485270636202,MEMORY,alloc,68,0x5dedc24f3c30,68
485270637133,MEMORY,alloc,72,0x5dedc24fc9f0,72
485270637522,MEMORY,alloc,68,0x5dedc24fca40,68
485270640603,MEMORY,free,68,0x5dedc24f3c30,0
485270651782,MEMORY,alloc,40736,0x5dedc25af900,40736
485270943024,MEMORY,alloc,67,0x5dedc24f3c30,67
485270944168,MEMORY,alloc,72,0x5dedc24fca90,72
485270944497,MEMORY,alloc,67,0x5dedc24fcae0,67
485270946750,MEMORY,free,67,0x5dedc24f3c30,0
485270950264,MEMORY,alloc,16968,0x5dedc25b9830,16968
485270961654,MEMORY,alloc,62,0x5dedc24f3c30,62
485270962003,MEMORY,alloc,72,0x5dedc24fcb30,72
485270962178,MEMORY,alloc,62,0x5dedc24fcb80,62
485270963215,MEMORY,free,62,0x5dedc24f3c30,0
485270969559,MEMORY,alloc,30504,0x5dedc25bda80,30504
485271019565,MEMORY,alloc,57,0x5dedc24f3c30,57
485271020233,MEMORY,alloc,72,0x5dedc24fcbd0,72
485271020491,MEMORY,alloc,57,0x5dedc24fcc20,57
485271022906,MEMORY,free,57,0x5dedc24f3c30,0
485271190976,MEMORY,alloc,51440,0x5dedc25c51b0,51440
485271231159,MEMORY,alloc,68,0x5dedc24f3c30,68
485271231789,MEMORY,alloc,72,0x5dedc24fcc70,72
485271232104,MEMORY,alloc,68,0x5dedc24fccc0,68
485271233836,MEMORY,free,68,0x5dedc24f3c30,0
485271237114,MEMORY,alloc,50416,0x5dedc25d1ab0,50416
485271284315,MEMORY,alloc,68,0x5dedc24f3c30,68
485271284686,MEMORY,alloc,72,0x5dedc24fcd10,72
485271284884,MEMORY,alloc,68,0x5dedc24fcd60,68
485271285936,MEMORY,free,68,0x5dedc24f3c30,0
485271294085,MEMORY,alloc,32288,0x5dedc25ddfb0,32288
485271323362,MEMORY,alloc,67,0x5dedc24f3c30,67
485271323776,MEMORY,alloc,72,0x5dedc24fcdb0,72
485271324074,MEMORY,alloc,67,0x5dedc24fce00,67
485271325570,MEMORY,free,67,0x5dedc24f3c30,0
485271330063,MEMORY,alloc,15320,0x5dedc25e5de0,15320
485271344910,MEMORY,alloc,62,0x5dedc24f3c30,62
485271345389,MEMORY,alloc,72,0x5dedc24fce50,72
485271345731,MEMORY,alloc,62,0x5dedc24fcea0,62
485271347530,MEMORY,free,62,0x5dedc24f3c30,0
485271355371,MEMORY,alloc,23752,0x5dedc25e99c0,23752
485271373961,MEMORY,alloc,57,0x5dedc24f3c30,57
485271374305,MEMORY,alloc,72,0x5dedc24fcef0,72
485271377469,MEMORY,alloc,57,0x5dedc24fcf40,57
485271378729,MEMORY,free,57,0x5dedc24f3c30,0
485271816618,MEMORY,alloc,45072,0x5dedc25ef690,45072
485271882802,MEMORY,alloc,68,0x5dedc24f3c30,68
485271883439,MEMORY,alloc,72,0x5dedc24fcf90,72
485271883825,MEMORY,alloc,68,0x5dedc24fcfe0,68
485271887136,MEMORY,free,68,0x5dedc24f3c30,0
485271900479,MEMORY,alloc,44496,0x5dedc25fa6b0,44496
485272048018,MEMORY,alloc,68,0x5dedc24f3c30,68
485272048679,MEMORY,alloc,72,0x5dedc24fd030,72
485272049131,MEMORY,alloc,68,0x5dedc24fd080,68
485272051778,MEMORY,free,68,0x5dedc24f3c30,0
485272153722,MEMORY,alloc,45808,0x5dedc2605490,45808
485272247626,MEMORY,alloc,68,0x5dedc24f3c30,68
485272249796,MEMORY,alloc,72,0x5dedc24f5540,72
485272250303,MEMORY,alloc,68,0x5dedc24f5590,68
485272253032,MEMORY,free,68,0x5dedc24f3c30,0
485272258380,MEMORY,alloc,18904,0x5dedc2610790,18904
485272278498,MEMORY,alloc,63,0x5dedc24f3c30,63
485272279208,MEMORY,alloc,72,0x5dedc24f55e0,72
485272279517,MEMORY,alloc,63,0x5dedc24f5630,63
485272281564,MEMORY,free,63,0x5dedc24f3c30,0
485272441943,MEMORY,alloc,33616,0x5dedc2615170,33616
485272478408,MEMORY,alloc,58,0x5dedc24f3c30,58
485272479328,MEMORY,alloc,72,0x5dedc24f5680,72
485272479690,MEMORY,alloc,58,0x5dedc24f56d0,58
485272481950,MEMORY,free,58,0x5dedc24f3c30,0
485272529853,MEMORY,alloc,53120,0x5dedc261d4d0,53120
485272587045,MEMORY,alloc,69,0x5dedc24f3c30,69
485272588254,MEMORY,alloc,72,0x5dedc24f5720,72
485272588589,MEMORY,alloc,69,0x5dedc24f5770,69
485272591319,MEMORY,free,69,0x5dedc24f3c30,0
485272598624,MEMORY,alloc,52552,0x5dedc262a460,52552
485272642127,MEMORY,alloc,69,0x5dedc24f3c30,69
485272642616,MEMORY,alloc,72,0x5dedc24f57c0,72
485272642949,MEMORY,alloc,69,0x5dedc24f5810,69
485272645134,MEMORY,free,69,0x5dedc24f3c30,0
485272754288,MEMORY,alloc,32736,0x5dedc26371b0,32736
485272793634,MEMORY,alloc,68,0x5dedc24f3c30,68
485272794585,MEMORY,alloc,72,0x5dedc24f5860,72
485272795042,MEMORY,alloc,68,0x5dedc24f58b0,68
485272797983,MEMORY,free,68,0x5dedc24f3c30,0
485272970107,MEMORY,alloc,14680,0x5dedc263f1a0,14680
485272978946,MEMORY,alloc,63,0x5dedc24f3c30,63
485272979343,MEMORY,alloc,72,0x5dedc24f5900,72
485272979662,MEMORY,alloc,63,0x5dedc24f5950,63
485272981940,MEMORY,free,63,0x5dedc24f3c30,0
485272985343,MEMORY,alloc,24008,0x5dedc2642b00,24008
485273085973,MEMORY,alloc,58,0x5dedc24f3c30,58
485273086598,MEMORY,alloc,72,0x5dedc24f59a0,72
485273086871,MEMORY,alloc,58,0x5dedc24f59f0,58
485273089076,MEMORY,free,58,0x5dedc24f3c30,0
485273181888,MEMORY,alloc,44816,0x5dedc26488d0,44816
485273225032,MEMORY,alloc,69,0x5dedc24f3c30,69
485273225688,MEMORY,alloc,72,0x5dedc24f5a40,72
485273225940,MEMORY,alloc,69,0x5dedc24f5a90,69
485273234208,MEMORY,free,69,0x5dedc24f3c30,0
485273237687,MEMORY,alloc,44432,0x5dedc26537f0,44432
485273298963,MEMORY,alloc,69,0x5dedc24f3c30,69
485273299725,MEMORY,alloc,72,0x5dedc24f5ae0,72
485273300022,MEMORY,alloc,69,0x5dedc24f5b30,69
485273302582,MEMORY,alloc,1016,0x5dedc24f5b80,1016
485273308707,MEMORY,free,472,0x5dedc24d62a0,0
485273310098,MEMORY,free,69,0x5dedc24f3c30,0
485273481605,MEMORY,alloc,32672,0x5dedc265e590,32672
485273519027,MEMORY,alloc,68,0x5dedc24f3c30,68
485273519860,MEMORY,alloc,72,0x5dedc24f5f80,72
485273520760,MEMORY,alloc,68,0x5dedc24f5fd0,68
485273524827,MEMORY,free,68,0x5dedc24f3c30,0
485273530280,MEMORY,alloc,14680,0x5dedc2666540,14680
485273541356,MEMORY,alloc,63,0x5dedc24f3c30,63
485273541965,MEMORY,alloc,72,0x5dedc24f6020,72
485273542323,MEMORY,alloc,63,0x5dedc24f6070,63
485273544635,MEMORY,free,63,0x5dedc24f3c30,0
485273556311,MEMORY,alloc,24008,0x5dedc2669ea0,24008
485273579978,MEMORY,alloc,58,0x5dedc24f3c30,58
485273580526,MEMORY,alloc,72,0x5dedc24f60c0,72
485273580822,MEMORY,alloc,58,0x5dedc24f6110,58
485273583435,MEMORY,free,58,0x5dedc24f3c30,0
485273598335,MEMORY,alloc,44752,0x5dedc266fc70,44752
485273657429,MEMORY,alloc,69,0x5dedc24f3c30,69
485273658044,MEMORY,alloc,72,0x5dedc24f6160,72
485273658351,MEMORY,alloc,69,0x5dedc24f61b0,69
485273660637,MEMORY,free,69,0x5dedc24f3c30,0
485273671405,MEMORY,alloc,44176,0x5dedc267ab50,44176
485273718191,MEMORY,alloc,69,0x5dedc24f3c30,69
485273722917,MEMORY,alloc,72,0x5dedc24f6200,72
485273723255,MEMORY,alloc,69,0x5dedc24f6250,69
485273725563,MEMORY,free,69,0x5dedc24f3c30,0
485273730817,MEMORY,alloc,4576,0x5dedc26857f0,4576
485273732304,MEMORY,alloc,52,0x5dedc24f0b40,52
485273732566,MEMORY,alloc,72,0x5dedc24f3c30,72
485273732782,MEMORY,alloc,52,0x5dedc24f0b80,52
485273734907,MEMORY,free,52,0x5dedc24f0b40,0
485274103259,MEMORY,alloc,49392,0x5dedc26869e0,49392
485274156534,MEMORY,alloc,68,0x5dedc24f62a0,68
485274157061,MEMORY,alloc,72,0x5dedc24f62f0,72
485274157416,MEMORY,alloc,68,0x5dedc24f6340,68
485274160348,MEMORY,free,68,0x5dedc24f62a0,0
485274165702,MEMORY,alloc,19416,0x5dedc2692ae0,19416
485274184937,MEMORY,alloc,63,0x5dedc24f62a0,63
485274185322,MEMORY,alloc,72,0x5dedc24f6390,72
485274185532,MEMORY,alloc,63,0x5dedc24f63e0,63
485274187665,MEMORY,free,63,0x5dedc24f62a0,0
485274197530,MEMORY,alloc,35920,0x5dedc26976c0,35920
485274330545,MEMORY,alloc,58,0x5dedc24f62a0,58
485274331162,MEMORY,alloc,72,0x5dedc24f6430,72
485274331527,MEMORY,alloc,58,0x5dedc24f6480,58
485274334194,MEMORY,free,58,0x5dedc24f62a0,0
485274431646,MEMORY,alloc,55936,0x5dedc26a0320,55936
485274549900,MEMORY,alloc,69,0x5dedc24f62a0,69
485274550876,MEMORY,alloc,72,0x5dedc24f64d0,72
485274551236,MEMORY,alloc,69,0x5dedc24f6520,69
485274554195,MEMORY,free,69,0x5dedc24f62a0,0
485274695255,MEMORY,alloc,55432,0x5dedc26addb0,55432
485274758329,MEMORY,alloc,69,0x5dedc24f62a0,69
485274759225,MEMORY,alloc,72,0x5dedc24f6570,72
485274759672,MEMORY,alloc,69,0x5dedc24f65c0,69
485274762478,MEMORY,free,69,0x5dedc24f62a0,0
485274767810,MEMORY,alloc,4576,0x5dedc26bb640,4576
485274769141,MEMORY,alloc,53,0x5dedc24f0b40,53
485274769401,MEMORY,alloc,72,0x5dedc24f62a0,72
485274770047,MEMORY,alloc,53,0x5dedc2509680,53
485274771928,MEMORY,free,53,0x5dedc24f0b40,0
485274829560,MEMORY,alloc,49392,0x5dedc26bc830,49392
485274894515,MEMORY,alloc,69,0x5dedc24f6610,69
485274895096,MEMORY,alloc,72,0x5dedc24f6660,72
485274895450,MEMORY,alloc,69,0x5dedc24f66b0,69
485274897814,MEMORY,free,69,0x5dedc24f6610,0
485274908992,MEMORY,alloc,19416,0x5dedc26c8930,19416
485274928577,MEMORY,alloc,64,0x5dedc24f6610,64
485274929164,MEMORY,alloc,72,0x5dedc24f6700,72
485274929491,MEMORY,alloc,64,0x5dedc24f6750,64
485274932143,MEMORY,free,64,0x5dedc24f6610,0
485274942667,MEMORY,alloc,35920,0x5dedc26cd510,35920
485274980992,MEMORY,alloc,59,0x5dedc24f6610,59
485274981636,MEMORY,alloc,72,0x5dedc24f67a0,72
485274981913,MEMORY,alloc,59,0x5dedc24f67f0,59
485274984519,MEMORY,free,59,0x5dedc24f6610,0
485275297828,MEMORY,alloc,55936,0x5dedc26d6170,55936
485275355456,MEMORY,alloc,70,0x5dedc24f6610,70
485275356157,MEMORY,alloc,72,0x5dedc24f6840,72
485275356583,MEMORY,alloc,70,0x5dedc24f6890,70
485275359555,MEMORY,free,70,0x5dedc24f6610,0
485275557941,MEMORY,alloc,55432,0x5dedc26e3c00,55432
485275628736,MEMORY,alloc,70,0x5dedc24f6610,70
485275629502,MEMORY,alloc,72,0x5dedc24f68e0,72
485275629879,MEMORY,alloc,70,0x5dedc24f6930,70
485275632606,MEMORY,free,70,0x5dedc24f6610,0
485275641580,MEMORY,alloc,4576,0x5dedc26f1490,4576
485275643096,MEMORY,alloc,52,0x5dedc24f0b40,52
485275643372,MEMORY,alloc,72,0x5dedc24f6610,72
485275643829,MEMORY,alloc,52,0x5dedc24f6980,52
485275645947,MEMORY,free,52,0x5dedc24f0b40,0
485275650562,MEMORY,alloc,49392,0x5dedc26f2680,49392
485275791003,MEMORY,alloc,68,0x5dedc24f69c0,68
485275791614,MEMORY,alloc,72,0x5dedc24f6a10,72
485275792746,MEMORY,alloc,68,0x5dedc26fe780,68
485275795415,MEMORY,free,68,0x5dedc24f69c0,0
485275806204,MEMORY,alloc,19416,0x5dedc26fe7d0,19416
485275825402,MEMORY,alloc,63,0x5dedc24f69c0,63
485275825752,MEMORY,alloc,72,0x5dedc27033b0,72
485275825999,MEMORY,alloc,63,0x5dedc2703400,63
485275828603,MEMORY,free,63,0x5dedc24f69c0,0
485275986360,MEMORY,alloc,35920,0x5dedc2703450,35920
485276035751,MEMORY,alloc,58,0x5dedc24f69c0,58
485276036309,MEMORY,alloc,72,0x5dedc270c0b0,72
485276036536,MEMORY,alloc,58,0x5dedc270c100,58
485276039336,MEMORY,free,58,0x5dedc24f69c0,0
485276051923,MEMORY,alloc,55936,0x5dedc270c150,55936
485276363734,MEMORY,alloc,69,0x5dedc24f69c0,69
485276368790,MEMORY,alloc,72,0x5dedc2719be0,72
485276369132,MEMORY,alloc,69,0x5dedc2719c30,69
485276372141,MEMORY,free,69,0x5dedc24f69c0,0
485276383230,MEMORY,alloc,55432,0x5dedc2719c80,55432
485276455108,MEMORY,alloc,69,0x5dedc24f69c0,69
485276455711,MEMORY,alloc,72,0x5dedc2727510,72
485276455948,MEMORY,alloc,69,0x5dedc2727560,69
485276458167,MEMORY,free,69,0x5dedc24f69c0,0
485276462828,MEMORY,alloc,4576,0x5dedc27275b0,4576
485276464147,MEMORY,alloc,52,0x5dedc24f0b40,52
485276464430,MEMORY,alloc,72,0x5dedc24f69c0,72
485276464700,MEMORY,alloc,52,0x5dedc27287a0,52
485276467156,MEMORY,free,52,0x5dedc24f0b40,0
485276661935,MEMORY,alloc,49392,0x5dedc27287e0,49392
485276784413,MEMORY,alloc,68,0x5dedc27348e0,68
485276784879,MEMORY,alloc,72,0x5dedc2734930,72
485276785208,MEMORY,alloc,68,0x5dedc2734980,68
485276788150,MEMORY,free,68,0x5dedc27348e0,0
485276793161,MEMORY,alloc,19416,0x5dedc27349d0,19416
485276812219,MEMORY,alloc,63,0x5dedc27348e0,63
485276812649,MEMORY,alloc,72,0x5dedc27395b0,72
485276812956,MEMORY,alloc,63,0x5dedc2739600,63
485276815097,MEMORY,free,63,0x5dedc27348e0,0
485276826429,MEMORY,alloc,35920,0x5dedc2739650,35920
485276874053,MEMORY,alloc,58,0x5dedc27348e0,58
485276874490,MEMORY,alloc,72,0x5dedc27422b0,72
485276874797,MEMORY,alloc,58,0x5dedc2742300,58
485276877926,MEMORY,free,58,0x5dedc27348e0,0
485276886551,MEMORY,alloc,55936,0x5dedc2742350,55936
485276942953,MEMORY,alloc,69,0x5dedc27348e0,69
485276943557,MEMORY,alloc,72,0x5dedc274fde0,72
485276943829,MEMORY,alloc,69,0x5dedc274fe30,69
485276946337,MEMORY,free,69,0x5dedc27348e0,0
485277104808,MEMORY,alloc,55432,0x5dedc274fe80,55432
485277166437,MEMORY,alloc,69,0x5dedc27348e0,69
485277167034,MEMORY,alloc,72,0x5dedc275d710,72
485277167384,MEMORY,alloc,69,0x5dedc275d760,69
485277170675,MEMORY,free,69,0x5dedc27348e0,0
485277175520,MEMORY,alloc,4576,0x5dedc275d7b0,4576
485277176936,MEMORY,alloc,52,0x5dedc24f0b40,52
485277177179,MEMORY,alloc,72,0x5dedc27348e0,72
485277177543,MEMORY,alloc,52,0x5dedc275e9a0,52
485277179573,MEMORY,free,52,0x5dedc24f0b40,0
485277189450,MEMORY,alloc,49392,0x5dedc275e9e0,49392
485277242394,MEMORY,alloc,68,0x5dedc276aae0,68
485277242670,MEMORY,alloc,72,0x5dedc276ab30,72
485277242923,MEMORY,alloc,68,0x5dedc276ab80,68
485277245254,MEMORY,free,68,0x5dedc276aae0,0
485277250282,MEMORY,alloc,19416,0x5dedc276abd0,19416
485277279487,MEMORY,alloc,63,0x5dedc276aae0,63
485277279804,MEMORY,alloc,72,0x5dedc276f7b0,72
485277280054,MEMORY,alloc,63,0x5dedc276f800,63
485277282620,MEMORY,free,63,0x5dedc276aae0,0
485277488125,MEMORY,alloc,35920,0x5dedc276f850,35920
485277537631,MEMORY,alloc,58,0x5dedc276aae0,58
485277538151,MEMORY,alloc,72,0x5dedc27784b0,72
485277538468,MEMORY,alloc,58,0x5dedc2778500,58
485277541385,MEMORY,free,58,0x5dedc276aae0,0
485277665344,MEMORY,alloc,55936,0x5dedc2778550,55936
485277800629,MEMORY,alloc,69,0x5dedc276aae0,69
485277804898,MEMORY,alloc,72,0x5dedc2785fe0,72
485277805303,MEMORY,alloc,69,0x5dedc2786030,69
485277808860,MEMORY,free,69,0x5dedc276aae0,0
485277892922,MEMORY,alloc,55432,0x5dedc2786080,55432
485278022305,MEMORY,alloc,69,0x5dedc276aae0,69
485278023140,MEMORY,alloc,72,0x5dedc2793910,72
485278023442,MEMORY,alloc,69,0x5dedc2793960,69
485278026634,MEMORY,free,69,0x5dedc276aae0,0
485278031826,MEMORY,alloc,4576,0x5dedc27939b0,4576
485278033104,MEMORY,alloc,52,0x5dedc24f0b40,52
485278033322,MEMORY,alloc,72,0x5dedc276aae0,72
485278033615,MEMORY,alloc,52,0x5dedc2794ba0,52
485278044507,MEMORY,free,52,0x5dedc24f0b40,0
485278050628,MEMORY,alloc,44912,0x5dedc2794be0,44912
485278097272,MEMORY,alloc,68,0x5dedc279fb60,68
485278097580,MEMORY,alloc,72,0x5dedc279fbb0,72
485278097827,MEMORY,alloc,68,0x5dedc279fc00,68
485278100311,MEMORY,free,68,0x5dedc279fb60,0
485278111245,MEMORY,alloc,18584,0x5dedc279fc50,18584
485278130091,MEMORY,alloc,63,0x5dedc279fb60,63
485278130332,MEMORY,alloc,72,0x5dedc27a44f0,72
485278130615,MEMORY,alloc,63,0x5dedc27a4540,63
485278133441,MEMORY,free,63,0x5dedc279fb60,0
485278321043,MEMORY,alloc,33168,0x5dedc27a4590,33168
485278409005,MEMORY,alloc,58,0x5dedc279fb60,58
485278412959,MEMORY,alloc,72,0x5dedc27ac730,72
485278413224,MEMORY,alloc,58,0x5dedc27ac780,58
485278416372,MEMORY,free,58,0x5dedc279fb60,0
485278435916,MEMORY,alloc,50816,0x5dedc27ac7d0,50816
485278488428,MEMORY,alloc,69,0x5dedc279fb60,69
485278488856,MEMORY,alloc,72,0x5dedc27b8e60,72
485278489141,MEMORY,alloc,69,0x5dedc27b8eb0,69
485278491933,MEMORY,free,69,0x5dedc279fb60,0
485278560281,MEMORY,alloc,51080,0x5dedc27b8f00,51080
485278617263,MEMORY,alloc,69,0x5dedc279fb60,69
485278617819,MEMORY,alloc,72,0x5dedc27c5690,72
485278618140,MEMORY,alloc,69,0x5dedc27c56e0,69
485278621111,MEMORY,free,69,0x5dedc279fb60,0
485278626202,MEMORY,alloc,5096,0x5dedc27c5730,5096
485278627412,MEMORY,alloc,53,0x5dedc24f0b40,53
485278627645,MEMORY,alloc,72,0x5dedc279fb60,72
485278627871,MEMORY,alloc,53,0x5dedc27c6b20,53
485278630861,MEMORY,free,53,0x5dedc24f0b40,0
485278644285,MEMORY,alloc,5032,0x5dedc27c6b60,5032
485278645348,MEMORY,alloc,53,0x5dedc24f0b40,53
485278645773,MEMORY,alloc,72,0x5dedc27c7f10,72
485278646071,MEMORY,alloc,53,0x5dedc27c7f60,53
485278648463,MEMORY,free,53,0x5dedc24f0b40,0
485278652723,MEMORY,alloc,5096,0x5dedc27c7fa0,5096
485278657394,MEMORY,alloc,53,0x5dedc24f0b40,53
485278657762,MEMORY,alloc,72,0x5dedc27c9390,72
485278658082,MEMORY,alloc,53,0x5dedc27c93e0,53
485278660282,MEMORY,free,53,0x5dedc24f0b40,0
485278664713,MEMORY,alloc,5032,0x5dedc27c9420,5032
485278666065,MEMORY,alloc,53,0x5dedc24f0b40,53
485278666442,MEMORY,alloc,72,0x5dedc27ca7d0,72
485278666754,MEMORY,alloc,53,0x5dedc27ca820,53
485278668868,MEMORY,free,53,0x5dedc24f0b40,0
485278863621,MEMORY,alloc,49752,0x5dedc27ca860,49752
485279243343,MEMORY,alloc,69,0x5dedc27d6ac0,69
485279243849,MEMORY,alloc,72,0x5dedc27d6b10,72
485279244180,MEMORY,alloc,69,0x5dedc27d6b60,69
485279247427,MEMORY,free,69,0x5dedc27d6ac0,0
485279257771,MEMORY,alloc,49112,0x5dedc27d6bb0,49112
485279310718,MEMORY,alloc,69,0x5dedc27d6ac0,69
485279311117,MEMORY,alloc,72,0x5dedc27e2b90,72
485279311429,MEMORY,alloc,69,0x5dedc27e2be0,69
485279314032,MEMORY,free,69,0x5dedc27d6ac0,0
485279318551,MEMORY,alloc,49624,0x5dedc27e2c30,49624
485279381486,MEMORY,alloc,69,0x5dedc27d6ac0,69
485279382108,MEMORY,alloc,72,0x5dedc27eee10,72
485279382340,MEMORY,alloc,69,0x5dedc27eee60,69
485279385892,MEMORY,free,69,0x5dedc27d6ac0,0
485279523405,MEMORY,alloc,49112,0x5dedc27eeeb0,49112
485279576605,MEMORY,alloc,69,0x5dedc27d6ac0,69
485279577202,MEMORY,alloc,72,0x5dedc27fae90,72
485279577564,MEMORY,alloc,69,0x5dedc27faee0,69
485279580658,MEMORY,free,69,0x5dedc27d6ac0,0
485279585507,MEMORY,alloc,19600,0x5dedc27faf30,19600
485279604519,MEMORY,alloc,64,0x5dedc27d6ac0,64
485279605018,MEMORY,alloc,72,0x5dedc27ffbd0,72
485279605328,MEMORY,alloc,64,0x5dedc27ffc20,64
485279608085,MEMORY,free,64,0x5dedc27d6ac0,0
485279622384,MEMORY,alloc,19472,0x5dedc27ffc70,19472
485279652700,MEMORY,alloc,64,0x5dedc27d6ac0,64
485279653139,MEMORY,alloc,72,0x5dedc2804890,72
485279653423,MEMORY,alloc,64,0x5dedc28048e0,64
485279656350,MEMORY,free,64,0x5dedc27d6ac0,0
485279661028,MEMORY,alloc,19600,0x5dedc2804930,19600
485279680739,MEMORY,alloc,64,0x5dedc27d6ac0,64
485279681116,MEMORY,alloc,72,0x5dedc28095d0,72
485279681361,MEMORY,alloc,64,0x5dedc2809620,64
485279683662,MEMORY,free,64,0x5dedc27d6ac0,0
485279687845,MEMORY,alloc,19472,0x5dedc2809670,19472
485279707521,MEMORY,alloc,64,0x5dedc27d6ac0,64
485279708038,MEMORY,alloc,72,0x5dedc280e290,72
485279708363,MEMORY,alloc,64,0x5dedc280e2e0,64
485279710974,MEMORY,free,64,0x5dedc27d6ac0,0
485279920846,MEMORY,alloc,37384,0x5dedc280e330,37384
485279966073,MEMORY,alloc,59,0x5dedc27d6ac0,59
485279966603,MEMORY,alloc,72,0x5dedc2817540,72
485279966933,MEMORY,alloc,59,0x5dedc2817590,59
485279970387,MEMORY,free,59,0x5dedc27d6ac0,0
485280098933,MEMORY,alloc,37000,0x5dedc28175e0,37000
485280228055,MEMORY,alloc,59,0x5dedc27d6ac0,59
485280228811,MEMORY,alloc,72,0x5dedc2820670,72
485280229176,MEMORY,alloc,59,0x5dedc28206c0,59
485280232695,MEMORY,free,59,0x5dedc27d6ac0,0
485280344110,MEMORY,alloc,37384,0x5dedc2820710,37384
485280441708,MEMORY,alloc,59,0x5dedc27d6ac0,59
485280442385,MEMORY,alloc,72,0x5dedc2829920,72
485280446651,MEMORY,alloc,59,0x5dedc2829970,59
485280450152,MEMORY,free,59,0x5dedc27d6ac0,0
485280461076,MEMORY,alloc,37000,0x5dedc28299c0,37000
485280499918,MEMORY,alloc,59,0x5dedc27d6ac0,59
485280500308,MEMORY,alloc,72,0x5dedc2832a50,72
485280500613,MEMORY,alloc,59,0x5dedc2832aa0,59
485280503689,MEMORY,free,59,0x5dedc27d6ac0,0
485280508376,MEMORY,alloc,54512,0x5dedc2832af0,54512
485280574417,MEMORY,alloc,70,0x5dedc27d6ac0,70
485280578895,MEMORY,alloc,72,0x5dedc283fff0,72
485280579268,MEMORY,alloc,70,0x5dedc2840040,70
485280582059,MEMORY,free,70,0x5dedc27d6ac0,0
485280727808,MEMORY,alloc,54320,0x5dedc2840090,54320
485280837847,MEMORY,alloc,70,0x5dedc27d6ac0,70
485280838506,MEMORY,alloc,72,0x5dedc284d4d0,72
485280838962,MEMORY,alloc,70,0x5dedc284d520,70
485280842028,MEMORY,free,70,0x5dedc27d6ac0,0
485280851715,MEMORY,alloc,54384,0x5dedc284d570,54384
485280917006,MEMORY,alloc,70,0x5dedc27d6ac0,70
485280917522,MEMORY,alloc,72,0x5dedc285a9f0,72
485280921968,MEMORY,alloc,70,0x5dedc285aa40,70
485280924970,MEMORY,free,70,0x5dedc27d6ac0,0
485280994311,MEMORY,alloc,54320,0x5dedc285aa90,54320
485281071727,MEMORY,alloc,70,0x5dedc27d6ac0,70
485281072377,MEMORY,alloc,72,0x5dedc2867ed0,72
485281072716,MEMORY,alloc,70,0x5dedc2867f20,70
485281076285,MEMORY,free,70,0x5dedc27d6ac0,0
485281518333,MEMORY,alloc,54824,0x5dedc2867f70,54824
485281577488,MEMORY,alloc,70,0x5dedc27d6ac0,70
485281578161,MEMORY,alloc,72,0x5dedc28755a0,72
485281578501,MEMORY,alloc,70,0x5dedc28755f0,70
485281583029,MEMORY,free,70,0x5dedc27d6ac0,0
485281593127,MEMORY,alloc,54312,0x5dedc2875640,54312
485281735115,MEMORY,alloc,70,0x5dedc27d6ac0,70
485281736150,MEMORY,alloc,72,0x5dedc2882a70,72
485281736435,MEMORY,alloc,70,0x5dedc2882ac0,70
485281740855,MEMORY,free,70,0x5dedc27d6ac0,0
485281745987,MEMORY,alloc,54568,0x5dedc2882b10,54568
485281808564,MEMORY,alloc,70,0x5dedc27d6ac0,70
485281809225,MEMORY,alloc,72,0x5dedc2890040,72
485281809481,MEMORY,alloc,70,0x5dedc2890090,70
485281811995,MEMORY,free,70,0x5dedc27d6ac0,0
485281987492,MEMORY,alloc,54312,0x5dedc28900e0,54312
485282108224,MEMORY,alloc,70,0x5dedc27d6ac0,70
485282108748,MEMORY,alloc,72,0x5dedc289d510,72
485282108936,MEMORY,alloc,70,0x5dedc289d560,70
485282112064,MEMORY,free,70,0x5dedc27d6ac0,0
485282115564,MEMORY,alloc,5096,0x5dedc289d5b0,5096
485282116762,MEMORY,alloc,53,0x5dedc24f0b40,53
485282117017,MEMORY,alloc,72,0x5dedc27d6ac0,72
485282117183,MEMORY,alloc,53,0x5dedc289e9a0,53
485282119125,MEMORY,free,53,0x5dedc24f0b40,0
485282123042,MEMORY,alloc,5096,0x5dedc289e9e0,5096
485282124342,MEMORY,alloc,53,0x5dedc24f0b40,53
485282124703,MEMORY,alloc,72,0x5dedc289fdd0,72
485282124952,MEMORY,alloc,53,0x5dedc289fe20,53
485282127296,MEMORY,free,53,0x5dedc24f0b40,0
485282138194,MEMORY,alloc,5032,0x5dedc289fe60,5032
485282142708,MEMORY,alloc,53,0x5dedc24f0b40,53
485282143071,MEMORY,alloc,72,0x5dedc28a1210,72
485282143382,MEMORY,alloc,53,0x5dedc28a1260,53
485282145326,MEMORY,alloc,2056,0x5dedc28a12a0,2056
485282169597,MEMORY,free,1016,0x5dedc24f5b80,0
485282171102,MEMORY,free,53,0x5dedc24f0b40,0
485282175034,MEMORY,alloc,5032,0x5dedc28a1ab0,5032
485282176031,MEMORY,alloc,53,0x5dedc24f0b40,53
485282176263,MEMORY,alloc,72,0x5dedc28a2e60,72
485282176435,MEMORY,alloc,53,0x5dedc28a2eb0,53
485282178277,MEMORY,free,53,0x5dedc24f0b40,0
485282181452,MEMORY,alloc,5032,0x5dedc28a2ef0,5032
485282184790,MEMORY,alloc,53,0x5dedc24f0b40,53
485282184966,MEMORY,alloc,72,0x5dedc28a42a0,72
485282185143,MEMORY,alloc,53,0x5dedc28a42f0,53
485282186764,MEMORY,free,53,0x5dedc24f0b40,0
485282189774,MEMORY,alloc,5032,0x5dedc28a4330,5032
485282190865,MEMORY,alloc,53,0x5dedc24f0b40,53
485282191041,MEMORY,alloc,72,0x5dedc28a56e0,72
485282191218,MEMORY,alloc,53,0x5dedc28a5730,53
485282192922,MEMORY,free,53,0x5dedc24f0b40,0
485282196103,MEMORY,alloc,5032,0x5dedc28a5770,5032
485282196909,MEMORY,alloc,53,0x5dedc24f0b40,53
485282197090,MEMORY,alloc,72,0x5dedc28a6b20,72
485282197264,MEMORY,alloc,53,0x5dedc28a6b70,53
485282198895,MEMORY,free,53,0x5dedc24f0b40,0
485282201726,MEMORY,alloc,5032,0x5dedc28a6bb0,5032
485282205454,MEMORY,alloc,53,0x5dedc24f0b40,53
485282205645,MEMORY,alloc,72,0x5dedc28a7f60,72
485282205819,MEMORY,alloc,53,0x5dedc28a7fb0,53
485282207520,MEMORY,free,53,0x5dedc24f0b40,0
485282217736,MEMORY,alloc,49344,0x5dedc28a7ff0,49344
485282267599,MEMORY,alloc,69,0x5dedc28b40c0,69
485282267841,MEMORY,alloc,72,0x5dedc28b4110,72
485282268013,MEMORY,alloc,69,0x5dedc28b4160,69
485282269893,MEMORY,free,69,0x5dedc28b40c0,0
485282433825,MEMORY,alloc,49344,0x5dedc28b41b0,49344
485282477727,MEMORY,alloc,69,0x5dedc28b40c0,69
485282478030,MEMORY,alloc,72,0x5dedc28c0280,72
485282478211,MEMORY,alloc,69,0x5dedc28c02d0,69
485282481109,MEMORY,free,69,0x5dedc28b40c0,0
485282489429,MEMORY,alloc,49304,0x5dedc28c0320,49304
485282543971,MEMORY,alloc,69,0x5dedc28b40c0,69
485282544316,MEMORY,alloc,72,0x5dedc28cc3c0,72
485282544496,MEMORY,alloc,69,0x5dedc28cc410,69
485282546780,MEMORY,free,69,0x5dedc28b40c0,0
485282714604,MEMORY,alloc,49304,0x5dedc28cc460,49304
485282754706,MEMORY,alloc,69,0x5dedc28b40c0,69
485282755083,MEMORY,alloc,72,0x5dedc28d8500,72
485282755344,MEMORY,alloc,69,0x5dedc28d8550,69
485282758053,MEMORY,free,69,0x5dedc28b40c0,0
485282908579,MEMORY,alloc,49304,0x5dedc28d85a0,49304
485283035214,MEMORY,alloc,69,0x5dedc28b40c0,69
485283036221,MEMORY,alloc,72,0x5dedc28e4640,72
485283036549,MEMORY,alloc,69,0x5dedc28e4690,69
485283041046,MEMORY,free,69,0x5dedc28b40c0,0
485283123436,MEMORY,alloc,49304,0x5dedc28e46e0,49304
485283209959,MEMORY,alloc,69,0x5dedc28b40c0,69
485283210427,MEMORY,alloc,72,0x5dedc28f0780,72
485283210680,MEMORY,alloc,69,0x5dedc28f07d0,69
485283213730,MEMORY,free,69,0x5dedc28b40c0,0
485283220972,MEMORY,alloc,49304,0x5dedc28f0820,49304
485283259433,MEMORY,alloc,69,0x5dedc28b40c0,69
485283259676,MEMORY,alloc,72,0x5dedc28fc8c0,72
485283259851,MEMORY,alloc,69,0x5dedc28fc910,69
485283268831,MEMORY,free,69,0x5dedc28b40c0,0
485283432876,MEMORY,alloc,49304,0x5dedc28fc960,49304
485283477536,MEMORY,alloc,69,0x5dedc28b40c0,69
485283478233,MEMORY,alloc,72,0x5dedc2908a00,72
485283482341,MEMORY,alloc,69,0x5dedc2908a50,69
485283486856,MEMORY,free,69,0x5dedc28b40c0,0
485283491621,MEMORY,alloc,19528,0x5dedc2908aa0,19528
485283508937,MEMORY,alloc,64,0x5dedc28b40c0,64
485283509211,MEMORY,alloc,72,0x5dedc290d6f0,72
485283509386,MEMORY,alloc,64,0x5dedc290d740,64
485283511446,MEMORY,free,64,0x5dedc28b40c0,0
485283518674,MEMORY,alloc,19528,0x5dedc290d790,19528
485283533340,MEMORY,alloc,64,0x5dedc28b40c0,64
485283533572,MEMORY,alloc,72,0x5dedc29123e0,72
485283533748,MEMORY,alloc,64,0x5dedc2912430,64
485283535257,MEMORY,free,64,0x5dedc28b40c0,0
485283538123,MEMORY,alloc,19536,0x5dedc2912480,19536
485283552839,MEMORY,alloc,64,0x5dedc28b40c0,64
485283553047,MEMORY,alloc,72,0x5dedc29170e0,72
485283553228,MEMORY,alloc,64,0x5dedc2917130,64
485283554953,MEMORY,free,64,0x5dedc28b40c0,0
485283558007,MEMORY,alloc,19536,0x5dedc2917180,19536
485283576342,MEMORY,alloc,64,0x5dedc28b40c0,64
485283576565,MEMORY,alloc,72,0x5dedc291bde0,72
485283576741,MEMORY,alloc,64,0x5dedc291be30,64
485283578272,MEMORY,free,64,0x5dedc28b40c0,0
485283581276,MEMORY,alloc,19536,0x5dedc291be80,19536
485283595102,MEMORY,alloc,64,0x5dedc28b40c0,64
485283595310,MEMORY,alloc,72,0x5dedc2920ae0,72
485283595490,MEMORY,alloc,64,0x5dedc2920b30,64
485283597192,MEMORY,free,64,0x5dedc28b40c0,0
485283645131,MEMORY,alloc,19536,0x5dedc2920b80,19536
485283664430,MEMORY,alloc,64,0x5dedc28b40c0,64
485283664919,MEMORY,alloc,72,0x5dedc29257e0,72
485283665257,MEMORY,alloc,64,0x5dedc2925830,64
485283669217,MEMORY,free,64,0x5dedc28b40c0,0
485283768957,MEMORY,alloc,19536,0x5dedc2925880,19536
485283786826,MEMORY,alloc,64,0x5dedc28b40c0,64
485283787287,MEMORY,alloc,72,0x5dedc292a4e0,72
485283787473,MEMORY,alloc,64,0x5dedc292a530,64
485283790055,MEMORY,free,64,0x5dedc28b40c0,0
485283793319,MEMORY,alloc,19536,0x5dedc292a580,19536
485283807662,MEMORY,alloc,64,0x5dedc28b40c0,64
485283807866,MEMORY,alloc,72,0x5dedc292f1e0,72
485283808045,MEMORY,alloc,64,0x5dedc292f230,64
485283809561,MEMORY,free,64,0x5dedc28b40c0,0
485283907012,MEMORY,alloc,36944,0x5dedc292f280,36944
485284360358,MEMORY,alloc,59,0x5dedc28b40c0,59
485284361003,MEMORY,alloc,72,0x5dedc29382e0,72
485284361189,MEMORY,alloc,59,0x5dedc2938330,59
485284379782,MEMORY,free,59,0x5dedc28b40c0,0
485284383529,MEMORY,alloc,36944,0x5dedc2938380,36944
485284513907,MEMORY,alloc,59,0x5dedc28b40c0,59
485284514291,MEMORY,alloc,72,0x5dedc29413e0,72
485284514471,MEMORY,alloc,59,0x5dedc2941430,59
485284516840,MEMORY,free,59,0x5dedc28b40c0,0
485284539076,MEMORY,alloc,37128,0x5dedc2941480,37128
485284619729,MEMORY,alloc,59,0x5dedc28b40c0,59
485284620067,MEMORY,alloc,72,0x5dedc294a590,72
485284620241,MEMORY,alloc,59,0x5dedc294a5e0,59
485284638879,MEMORY,free,59,0x5dedc28b40c0,0
485284977173,MEMORY,alloc,37128,0x5dedc294a630,37128
485285111430,MEMORY,alloc,59,0x5dedc28b40c0,59
485285112027,MEMORY,alloc,72,0x5dedc2953740,72
485285112228,MEMORY,alloc,59,0x5dedc2953790,59
485285115447,MEMORY,free,59,0x5dedc28b40c0,0
485285134016,MEMORY,alloc,37128,0x5dedc29537e0,37128
485285192667,MEMORY,alloc,59,0x5dedc28b40c0,59
485285192920,MEMORY,alloc,72,0x5dedc295c8f0,72
485285193095,MEMORY,alloc,59,0x5dedc295c940,59
485285195234,MEMORY,free,59,0x5dedc28b40c0,0
485285218285,MEMORY,alloc,37128,0x5dedc295c990,37128
485285299653,MEMORY,alloc,59,0x5dedc28b40c0,59
485285299989,MEMORY,alloc,72,0x5dedc2965aa0,72
485285300167,MEMORY,alloc,59,0x5dedc2965af0,59
485285303022,MEMORY,free,59,0x5dedc28b40c0,0
485285306119,MEMORY,alloc,37128,0x5dedc2965b40,37128
485285428769,MEMORY,alloc,59,0x5dedc28b40c0,59
485285429152,MEMORY,alloc,72,0x5dedc296ec50,72
485285429331,MEMORY,alloc,59,0x5dedc296eca0,59
485285431922,MEMORY,free,59,0x5dedc28b40c0,0
485285649563,MEMORY,alloc,37128,0x5dedc296ecf0,37128
485285679423,MEMORY,alloc,59,0x5dedc28b40c0,59
485285679831,MEMORY,alloc,72,0x5dedc2977e00,72
485285680093,MEMORY,alloc,59,0x5dedc2977e50,59
485285683588,MEMORY,free,59,0x5dedc28b40c0,0
485285691171,MEMORY,alloc,54512,0x5dedc2977ea0,54512
485285769675,MEMORY,alloc,70,0x5dedc28b40c0,70
485285770100,MEMORY,alloc,72,0x5dedc29853a0,72
485285770275,MEMORY,alloc,70,0x5dedc29853f0,70
485285772958,MEMORY,free,70,0x5dedc28b40c0,0
485285778798,MEMORY,alloc,54512,0x5dedc2985440,54512
485285839071,MEMORY,alloc,70,0x5dedc28b40c0,70
485285839578,MEMORY,alloc,72,0x5dedc2992940,72
485285839780,MEMORY,alloc,70,0x5dedc2992990,70
485285842393,MEMORY,free,70,0x5dedc28b40c0,0
485286233665,MEMORY,alloc,54384,0x5dedc29929e0,54384
485286279146,MEMORY,alloc,70,0x5dedc28b40c0,70
485286279705,MEMORY,alloc,72,0x5dedc299fe60,72
485286279899,MEMORY,alloc,70,0x5dedc299feb0,70
485286283143,MEMORY,free,70,0x5dedc28b40c0,0
485286292427,MEMORY,alloc,54384,0x5dedc299ff00,54384
485286403609,MEMORY,alloc,70,0x5dedc28b40c0,70
485286404005,MEMORY,alloc,72,0x5dedc29ad380,72
485286404180,MEMORY,alloc,70,0x5dedc29ad3d0,70
485286407042,MEMORY,free,70,0x5dedc28b40c0,0
485286507855,MEMORY,alloc,54384,0x5dedc29ad420,54384
485286623363,MEMORY,alloc,70,0x5dedc28b40c0,70
485286623907,MEMORY,alloc,72,0x5dedc29ba8a0,72
485286624092,MEMORY,alloc,70,0x5dedc29ba8f0,70
485286627490,MEMORY,free,70,0x5dedc28b40c0,0
485286769939,MEMORY,alloc,54384,0x5dedc29ba940,54384
485286820677,MEMORY,alloc,70,0x5dedc28b40c0,70
485286821218,MEMORY,alloc,72,0x5dedc29c7dc0,72
485286821424,MEMORY,alloc,70,0x5dedc29c7e10,70
485286824938,MEMORY,free,70,0x5dedc28b40c0,0
485286835199,MEMORY,alloc,54384,0x5dedc29c7e60,54384
485286927258,MEMORY,alloc,70,0x5dedc28b40c0,70
485286927785,MEMORY,alloc,72,0x5dedc29d52e0,72
485286927966,MEMORY,alloc,70,0x5dedc29d5330,70
485286931081,MEMORY,free,70,0x5dedc28b40c0,0
485286934283,MEMORY,alloc,54384,0x5dedc29d5380,54384
485286993653,MEMORY,alloc,70,0x5dedc28b40c0,70
485286994092,MEMORY,alloc,72,0x5dedc29e2800,72
485286994273,MEMORY,alloc,70,0x5dedc29e2850,70
485286997050,MEMORY,free,70,0x5dedc28b40c0,0
485287231603,MEMORY,alloc,54392,0x5dedc29e28a0,54392
485287275265,MEMORY,alloc,70,0x5dedc28b40c0,70
485287275729,MEMORY,alloc,72,0x5dedc29efd20,72
485287275992,MEMORY,alloc,70,0x5dedc29efd70,70
485287279302,MEMORY,free,70,0x5dedc28b40c0,0
485287537201,MEMORY,alloc,54392,0x5dedc29efdc0,54392
485287589334,MEMORY,alloc,70,0x5dedc28b40c0,70
485287592494,MEMORY,alloc,72,0x5dedc29fd240,72
485287592688,MEMORY,alloc,70,0x5dedc29fd290,70
485287596011,MEMORY,free,70,0x5dedc28b40c0,0
485287608773,MEMORY,alloc,54376,0x5dedc29fd2e0,54376
485287723876,MEMORY,alloc,70,0x5dedc28b40c0,70
485287724423,MEMORY,alloc,72,0x5dedc2a0a750,72
485287724606,MEMORY,alloc,70,0x5dedc2a0a7a0,70
485287728136,MEMORY,free,70,0x5dedc28b40c0,0
485287935444,MEMORY,alloc,54376,0x5dedc2a0a7f0,54376
485287979164,MEMORY,alloc,70,0x5dedc28b40c0,70
485287979678,MEMORY,alloc,72,0x5dedc2a17c60,72
485287979957,MEMORY,alloc,70,0x5dedc2a17cb0,70
485287983331,MEMORY,free,70,0x5dedc28b40c0,0
485287995072,MEMORY,alloc,54440,0x5dedc2a17d00,54440
485288065928,MEMORY,alloc,70,0x5dedc28b40c0,70
485288066329,MEMORY,alloc,72,0x5dedc2a251b0,72
485288066507,MEMORY,alloc,70,0x5dedc2a25200,70
485288069474,MEMORY,free,70,0x5dedc28b40c0,0
485288073136,MEMORY,alloc,54440,0x5dedc2a25250,54440
485288127139,MEMORY,alloc,70,0x5dedc28b40c0,70
485288127559,MEMORY,alloc,72,0x5dedc2a32700,72
485288127797,MEMORY,alloc,70,0x5dedc2a32750,70
485288132110,MEMORY,free,70,0x5dedc28b40c0,0
485288303396,MEMORY,alloc,54440,0x5dedc2a327a0,54440
485288354290,MEMORY,alloc,70,0x5dedc28b40c0,70
485288354738,MEMORY,alloc,72,0x5dedc2a3fc50,72
485288355018,MEMORY,alloc,70,0x5dedc2a3fca0,70
485288358119,MEMORY,free,70,0x5dedc28b40c0,0
485288367604,MEMORY,alloc,54440,0x5dedc2a3fcf0,54440
485288440210,MEMORY,alloc,70,0x5dedc28b40c0,70
485288440646,MEMORY,alloc,72,0x5dedc2a4d1a0,72
485288440821,MEMORY,alloc,70,0x5dedc2a4d1f0,70
485288443419,MEMORY,free,70,0x5dedc28b40c0,0
485288446696,MEMORY,alloc,4776,0x5dedc2a4d240,4776
485288447833,MEMORY,alloc,53,0x5dedc24f0b40,53
485288448052,MEMORY,alloc,72,0x5dedc28b40c0,72
485288448230,MEMORY,alloc,53,0x5dedc2a4e4f0,53
485288450240,MEMORY,free,53,0x5dedc24f0b40,0
485288453357,MEMORY,alloc,4776,0x5dedc2a4e530,4776
485288454309,MEMORY,alloc,53,0x5dedc24f0b40,53
485288454489,MEMORY,alloc,72,0x5dedc2a4f7e0,72
485288454666,MEMORY,alloc,53,0x5dedc2a4f830,53
485288456632,MEMORY,free,53,0x5dedc24f0b40,0
485288459662,MEMORY,alloc,4968,0x5dedc2a4f870,4968
485288460738,MEMORY,alloc,53,0x5dedc24f0b40,53
485288460916,MEMORY,alloc,72,0x5dedc2a50be0,72
485288461089,MEMORY,alloc,53,0x5dedc2a50c30,53
485288462919,MEMORY,free,53,0x5dedc24f0b40,0
485288466068,MEMORY,alloc,4648,0x5dedc2a50c70,4648
485288467078,MEMORY,alloc,53,0x5dedc24f0b40,53
485288467262,MEMORY,alloc,72,0x5dedc2a51ea0,72
485288467440,MEMORY,alloc,53,0x5dedc2a51ef0,53
485288469253,MEMORY,free,53,0x5dedc24f0b40,0
485288472200,MEMORY,alloc,4648,0x5dedc2a51f30,4648
485288475620,MEMORY,alloc,53,0x5dedc24f0b40,53
485288475812,MEMORY,alloc,72,0x5dedc2a53160,72
485288475987,MEMORY,alloc,53,0x5dedc2a531b0,53
485288478378,MEMORY,free,53,0x5dedc24f0b40,0
485288620953,MEMORY,alloc,4648,0x5dedc2a531f0,4648
485288622643,MEMORY,alloc,53,0x5dedc24f0b40,53
485288622925,MEMORY,alloc,72,0x5dedc2a54420,72
485288623171,MEMORY,alloc,53,0x5dedc2a54470,53
485288626499,MEMORY,free,53,0x5dedc24f0b40,0
485288630134,MEMORY,alloc,39808,0x5dedc2a544b0,39808
485288725764,MEMORY,alloc,69,0x5dedc2a5e040,69
485288726080,MEMORY,alloc,72,0x5dedc2a5e090,72
485288726252,MEMORY,alloc,69,0x5dedc2a5e0e0,69
485288729019,MEMORY,free,69,0x5dedc2a5e040,0
485288950562,MEMORY,alloc,39808,0x5dedc2a5e130,39808
485288989913,MEMORY,alloc,69,0x5dedc2a5e040,69
485288990351,MEMORY,alloc,72,0x5dedc2a67cc0,72
485288990540,MEMORY,alloc,69,0x5dedc2a67d10,69
485288993974,MEMORY,free,69,0x5dedc2a5e040,0
485288997281,MEMORY,alloc,41792,0x5dedc2a67d60,41792
485289049605,MEMORY,alloc,69,0x5dedc2a5e040,69
485289050078,MEMORY,alloc,72,0x5dedc2a720b0,72
485289050264,MEMORY,alloc,69,0x5dedc2a72100,69
485289052891,MEMORY,free,69,0x5dedc2a5e040,0
485289060806,MEMORY,alloc,38912,0x5dedc2a72150,38912
485289090149,MEMORY,alloc,69,0x5dedc2a5e040,69
485289090399,MEMORY,alloc,72,0x5dedc2a7b960,72
485289090576,MEMORY,alloc,69,0x5dedc2a7b9b0,69
485289092497,MEMORY,free,69,0x5dedc2a5e040,0
485289131065,MEMORY,alloc,38912,0x5dedc2a7ba00,38912
485289163763,MEMORY,alloc,69,0x5dedc2a5e040,69
485289166782,MEMORY,alloc,72,0x5dedc2a85210,72
485289166956,MEMORY,alloc,69,0x5dedc2a85260,69
485289169708,MEMORY,free,69,0x5dedc2a5e040,0
485289304883,MEMORY,alloc,38720,0x5dedc2a852b0,38720
485289341220,MEMORY,alloc,69,0x5dedc2a5e040,69
485289342198,MEMORY,alloc,72,0x5dedc2a8ea00,72
485289342531,MEMORY,alloc,69,0x5dedc2a8ea50,69
485289345734,MEMORY,free,69,0x5dedc2a5e040,0
485289349072,MEMORY,alloc,16712,0x5dedc2a8eaa0,16712
485289360739,MEMORY,alloc,64,0x5dedc2a5e040,64
485289360947,MEMORY,alloc,72,0x5dedc2a92bf0,72
485289361125,MEMORY,alloc,64,0x5dedc2a92c40,64
485289363358,MEMORY,free,64,0x5dedc2a5e040,0
485289370414,MEMORY,alloc,16712,0x5dedc2a92c90,16712
485289381676,MEMORY,alloc,64,0x5dedc2a5e040,64
485289381906,MEMORY,alloc,72,0x5dedc2a96de0,72
485289382079,MEMORY,alloc,64,0x5dedc2a96e30,64
485289384372,MEMORY,free,64,0x5dedc2a5e040,0
485289387935,MEMORY,alloc,16648,0x5dedc2a96e80,16648
485289413895,MEMORY,alloc,64,0x5dedc2a5e040,64
485289414329,MEMORY,alloc,72,0x5dedc2a9af90,72
485289418465,MEMORY,alloc,64,0x5dedc2a9afe0,64
485289422187,MEMORY,free,64,0x5dedc2a5e040,0
485289425393,MEMORY,alloc,15048,0x5dedc2a9b030,15048
485289434272,MEMORY,alloc,64,0x5dedc2a5e040,64
485289434496,MEMORY,alloc,72,0x5dedc2a9eb00,72
485289434672,MEMORY,alloc,64,0x5dedc2a9eb50,64
485289436392,MEMORY,free,64,0x5dedc2a5e040,0
485289439381,MEMORY,alloc,15048,0x5dedc2a9eba0,15048
485289450464,MEMORY,alloc,64,0x5dedc2a5e040,64
485289450640,MEMORY,alloc,72,0x5dedc2aa2670,72
485289450820,MEMORY,alloc,64,0x5dedc2aa26c0,64
485289452804,MEMORY,free,64,0x5dedc2a5e040,0
485289502523,MEMORY,alloc,14984,0x5dedc2aa2710,14984
485289521994,MEMORY,alloc,64,0x5dedc2a5e040,64
485289522229,MEMORY,alloc,72,0x5dedc2aa61a0,72
485289522405,MEMORY,alloc,64,0x5dedc2aa61f0,64
485289525169,MEMORY,free,64,0x5dedc2a5e040,0
485289528349,MEMORY,alloc,30704,0x5dedc2aa6240,30704
485289550315,MEMORY,alloc,59,0x5dedc2a5e040,59
485289550558,MEMORY,alloc,72,0x5dedc2aada40,72
485289550735,MEMORY,alloc,59,0x5dedc2aada90,59
485289553145,MEMORY,free,59,0x5dedc2a5e040,0
485290029678,MEMORY,alloc,30704,0x5dedc2aadae0,30704
485290060735,MEMORY,alloc,59,0x5dedc2a5e040,59
485290061183,MEMORY,alloc,72,0x5dedc2ab52e0,72
485290061371,MEMORY,alloc,59,0x5dedc2ab5330,59
485290065013,MEMORY,free,59,0x5dedc2a5e040,0
485290068729,MEMORY,alloc,31600,0x5dedc2ab5380,31600
485290161746,MEMORY,alloc,59,0x5dedc2a5e040,59
485290162351,MEMORY,alloc,72,0x5dedc2abcf00,72
485290162606,MEMORY,alloc,59,0x5dedc2abcf50,59
485290166264,MEMORY,free,59,0x5dedc2a5e040,0
485290173214,MEMORY,alloc,29872,0x5dedc2abcfa0,29872
485290198763,MEMORY,alloc,59,0x5dedc2a5e040,59
485290199045,MEMORY,alloc,72,0x5dedc2ac4460,72
485290199223,MEMORY,alloc,59,0x5dedc2ac44b0,59
485290201804,MEMORY,free,59,0x5dedc2a5e040,0
485290204885,MEMORY,alloc,29872,0x5dedc2ac4500,29872
485290243304,MEMORY,alloc,59,0x5dedc2a5e040,59
485290243714,MEMORY,alloc,72,0x5dedc2acb9c0,72
485290243896,MEMORY,alloc,59,0x5dedc2acba10,59
485290247272,MEMORY,free,59,0x5dedc2a5e040,0
485290250443,MEMORY,alloc,29552,0x5dedc2acba60,29552
485290272845,MEMORY,alloc,59,0x5dedc2a5e040,59
485290273066,MEMORY,alloc,72,0x5dedc2ad2de0,72
485290273237,MEMORY,alloc,59,0x5dedc2ad2e30,59
485290275111,MEMORY,free,59,0x5dedc2a5e040,0
485290485116,MEMORY,alloc,13920,0x5dedc2ad2e80,13920
485290870350,MEMORY,alloc,54,0x5dedc24f0b40,54
485290870877,MEMORY,alloc,72,0x5dedc2a5e040,72
485290871978,MEMORY,alloc,54,0x5dedc2ad64f0,54
485290877172,MEMORY,free,54,0x5dedc24f0b40,0
485290881883,MEMORY,alloc,13920,0x5dedc2ad6530,13920
485290893168,MEMORY,alloc,54,0x5dedc24f0b40,54
485290893495,MEMORY,alloc,72,0x5dedc2ad9ba0,72
485290893735,MEMORY,alloc,54,0x5dedc2ad9bf0,54
485290897967,MEMORY,free,54,0x5dedc24f0b40,0
485290902647,MEMORY,alloc,13792,0x5dedc2ad9c30,13792
485290918501,MEMORY,alloc,54,0x5dedc24f0b40,54
485290918715,MEMORY,alloc,72,0x5dedc2add220,72
485290918886,MEMORY,alloc,54,0x5dedc2add270,54
485290922254,MEMORY,free,54,0x5dedc24f0b40,0
485290925628,MEMORY,alloc,13152,0x5dedc2add2b0,13152
485290944103,MEMORY,alloc,54,0x5dedc24f0b40,54
485290947067,MEMORY,alloc,72,0x5dedc2ae0620,72
485290947222,MEMORY,alloc,54,0x5dedc2ae0670,54
485290950855,MEMORY,free_unknown,0,0x5dedc24f0b40,0
485290954667,MEMORY,alloc,13152,0x5dedc2ae06b0,13152
485290966553,MEMORY,alloc,54,0x5dedc24f0b40,54
485290966752,MEMORY,alloc,72,0x5dedc2ae3a20,72
485290966899,MEMORY,alloc,54,0x5dedc2ae3a70,54
485290970559,MEMORY,free_unknown,0,0x5dedc24f0b40,0
485290983583,MEMORY,alloc,13088,0x5dedc2ae3ab0,13088
485290995872,MEMORY,alloc,54,0x5dedc24f0b40,54
485290996185,MEMORY,alloc,72,0x5dedc2ae6de0,72
485290996343,MEMORY,alloc,54,0x5dedc2ae6e30,54
485290999197,MEMORY,free_unknown,0,0x5dedc24f0b40,0
485291023463,MEMORY,alloc,42512,0x5dedc2ae6e70,42512
485291071635,MEMORY,alloc,59,0x5dedc2af1490,59
485291071931,MEMORY,alloc,72,0x5dedc2af14e0,72
485291072056,MEMORY,alloc,59,0x5dedc2af1530,59
485291076008,MEMORY,free_unknown,0,0x5dedc2af1490,0
485291238148,MEMORY,alloc,42512,0x5dedc2af1580,42512
485291283808,MEMORY,alloc,59,0x5dedc2af1490,59
485291284261,MEMORY,alloc,72,0x5dedc2afbba0,72
485291284442,MEMORY,alloc,59,0x5dedc2afbbf0,59
485291290069,MEMORY,free_unknown,0,0x5dedc2af1490,0
485291316324,MEMORY,alloc,43536,0x5dedc2afbc40,43536
485291366334,MEMORY,alloc,59,0x5dedc2af1490,59
485291366736,MEMORY,alloc,72,0x5dedc2b06660,72
485291366965,MEMORY,alloc,59,0x5dedc2b066b0,59
485291370669,MEMORY,free_unknown,0,0x5dedc2af1490,0
485291375635,MEMORY,alloc,40976,0x5dedc2b06700,40976
485291419339,MEMORY,alloc,59,0x5dedc2af1490,59
485291419581,MEMORY,alloc,72,0x5dedc2b10720,72
485291419821,MEMORY,alloc,59,0x5dedc2b10770,59
485291424522,MEMORY,free_unknown,0,0x5dedc2af1490,0
485291781209,MEMORY,alloc,40976,0x5dedc2b107c0,40976
485291823708,MEMORY,alloc,59,0x5dedc2af1490,59
485291824238,MEMORY,alloc,72,0x5dedc2b1a7e0,72
485291824595,MEMORY,alloc,59,0x5dedc2b1a830,59
485291829394,MEMORY,free_unknown,0,0x5dedc2af1490,0
485291944663,MEMORY,alloc,40784,0x5dedc2b1a880,40784
485292093353,MEMORY,alloc,59,0x5dedc2af1490,59
485292094184,MEMORY,alloc,72,0x5dedc2b247e0,72
485292094418,MEMORY,alloc,59,0x5dedc2b24830,59
485292098998,MEMORY,free_unknown,0,0x5dedc2af1490,0
485292348650,MEMORY,alloc,30904,0x5dedc2b24880,30904
485292471811,MEMORY,alloc,60,0x5dedc2af1490,60
485292472188,MEMORY,alloc,72,0x5dedc2b2c140,72
485292472488,MEMORY,alloc,60,0x5dedc2b2c190,60
485292477869,MEMORY,free_unknown,0,0x5dedc2af1490,0
485292482777,MEMORY,alloc,30904,0x5dedc2b2c1e0,30904
485292512258,MEMORY,alloc,60,0x5dedc2af1490,60
485292512530,MEMORY,alloc,72,0x5dedc2b33aa0,72
485292512713,MEMORY,alloc,60,0x5dedc2b33af0,60
485292516209,MEMORY,free_unknown,0,0x5dedc2af1490,0
485292526866,MEMORY,alloc,34104,0x5dedc2b33b40,34104
485292564823,MEMORY,alloc,60,0x5dedc2af1490,60
485292565221,MEMORY,alloc,72,0x5dedc2b3c080,72
485292565414,MEMORY,alloc,60,0x5dedc2b3c0d0,60
485292569160,MEMORY,free_unknown,0,0x5dedc2af1490,0
485292573695,MEMORY,alloc,27384,0x5dedc2b3c120,27384
485292599660,MEMORY,alloc,60,0x5dedc2af1490,60
485292599944,MEMORY,alloc,72,0x5dedc2b42c20,72
485292600169,MEMORY,alloc,60,0x5dedc2b42c70,60
485292603180,MEMORY,free_unknown,0,0x5dedc2af1490,0
485292760935,MEMORY,alloc,27384,0x5dedc2b42cc0,27384
485292789397,MEMORY,alloc,60,0x5dedc2af1490,60
485292790041,MEMORY,alloc,72,0x5dedc2b497c0,72
485292790274,MEMORY,alloc,60,0x5dedc2b49810,60
485292795827,MEMORY,free_unknown,0,0x5dedc2af1490,0
485292817499,MEMORY,alloc,27320,0x5dedc2b49860,27320
485292886116,MEMORY,alloc,60,0x5dedc2af1490,60
485292886739,MEMORY,alloc,72,0x5dedc2b50320,72
485292886991,MEMORY,alloc,60,0x5dedc2b50370,60
485292891259,MEMORY,free_unknown,0,0x5dedc2af1490,0
485292900970,MEMORY,alloc,32768,0x5dedc2b503c0,32768
485292933365,MEMORY,alloc,49,0x5dedc24f0b40,49
485292933579,MEMORY,alloc,72,0x5dedc2af1490,72
485292933826,MEMORY,alloc,49,0x5dedc2b583d0,49
485292938025,MEMORY,free_unknown,0,0x5dedc24f0b40,0
485292943146,MEMORY,alloc,32768,0x5dedc2b58410,32768
485292975715,MEMORY,alloc,49,0x5dedc24f0b40,49
485292976066,MEMORY,alloc,72,0x5dedc2b60420,72
485292976217,MEMORY,alloc,49,0x5dedc2b60470,49
485292980245,MEMORY,free_unknown,0,0x5dedc24f0b40,0
485293071264,MEMORY,alloc,33280,0x5dedc2b604b0,33280
485293104639,MEMORY,alloc,49,0x5dedc24f0b40,49
485293104922,MEMORY,alloc,72,0x5dedc2b686c0,72
485293109192,MEMORY,alloc,49,0x5dedc2b68710,49
485293113697,MEMORY,free_unknown,0,0x5dedc24f0b40,0
485293313626,MEMORY,alloc,31616,0x5dedc2b68750,31616
485293348448,MEMORY,alloc,49,0x5dedc24f0b40,49
485293348864,MEMORY,alloc,72,0x5dedc2b702e0,72
485293349191,MEMORY,alloc,49,0x5dedc2b70330,49
485293353965,MEMORY,free_unknown,0,0x5dedc24f0b40,0
485293551075,MEMORY,alloc,31616,0x5dedc2b70370,31616
485293580434,MEMORY,alloc,49,0x5dedc24f0b40,49
485293580782,MEMORY,alloc,72,0x5dedc2b77f00,72
485293581053,MEMORY,alloc,49,0x5dedc2b77f50,49
485293585887,MEMORY,free_unknown,0,0x5dedc24f0b40,0
485293590626,MEMORY,alloc,31424,0x5dedc2b77f90,31424
485293714773,MEMORY,alloc,49,0x5dedc24f0b40,49
485293715639,MEMORY,alloc,72,0x5dedc2b7fa60,72
485293715881,MEMORY,alloc,49,0x5dedc2b7fab0,49
485293720425,MEMORY,free_unknown,0,0x5dedc24f0b40,0
485293725345,MEMORY,alloc,9384,0x5dedc2b7faf0,9384
485293731591,MEMORY,alloc,50,0x5dedc24f0b40,50
485293731875,MEMORY,alloc,72,0x5dedc2b81fa0,72
485293735536,MEMORY,alloc,50,0x5dedc2b81ff0,50
485293739015,MEMORY,free_unknown,0,0x5dedc24f0b40,0
485293749032,MEMORY,alloc,29896,0x5dedc2b82030,29896
485293777724,MEMORY,alloc,55,0x5dedc24f0b40,55
485293777893,MEMORY,alloc,72,0x5dedc2b89500,72
485293778069,MEMORY,alloc,55,0x5dedc2b89550,55
485293781966,MEMORY,free_unknown,0,0x5dedc24f0b40,0
485293786787,MEMORY,alloc,25336,0x5dedc2b89590,25336
485293811648,MEMORY,alloc,56,0x5dedc24f0b40,56
485293811964,MEMORY,alloc,72,0x5dedc2b8f890,72
485293812189,MEMORY,alloc,56,0x5dedc2b8f8e0,56
485293815714,MEMORY,free_unknown,0,0x5dedc24f0b40,0
485293951711,MEMORY,alloc,22680,0x5dedc2b8f920,22680
485293976258,MEMORY,alloc,45,0x5dedc24f0b40,45
485293976755,MEMORY,alloc,72,0x5dedc2b951c0,72
485293977120,MEMORY,alloc,45,0x5dedc2b95210,45
485293981817,MEMORY,free_unknown,0,0x5dedc24f0b40,0
485293993595,MEMORY,alloc,39488,0x5dedc2b95250,39488
485294130861,MEMORY,alloc,56,0x5dedc24f0b40,56
485294131608,MEMORY,alloc,72,0x5dedc2b9eca0,72
485294131840,MEMORY,alloc,56,0x5dedc2b9ecf0,56
485294136226,MEMORY,free_unknown,0,0x5dedc24f0b40,0
485294148216,MEMORY,alloc,36848,0x5dedc2b9ed30,36848
485294188088,MEMORY,alloc,56,0x5dedc24f0b40,56
485294188413,MEMORY,alloc,72,0x5dedc2ba7d30,72
485294188610,MEMORY,alloc,56,0x5dedc2ba7d80,56
485294193096,MEMORY,free_unknown,0,0x5dedc24f0b40,0
485294197702,MEMORY,alloc,4192,0x5dedc2ba7dc0,4192
485294198746,MEMORY,alloc,55,0x5dedc24f0b40,55
485294199044,MEMORY,alloc,72,0x5dedc2ba8e30,72
485294199269,MEMORY,alloc,55,0x5dedc2ba8e80,55
485294202283,MEMORY,free_unknown,0,0x5dedc24f0b40,0
485294206637,MEMORY,alloc,4856,0x5dedc2ba8ec0,4856
485294211339,MEMORY,alloc,55,0x5dedc24f0b40,55
485294211624,MEMORY,alloc,72,0x5dedc2baa1c0,72
485294211874,MEMORY,alloc,55,0x5dedc2baa210,55
485294215305,MEMORY,free_unknown,0,0x5dedc24f0b40,0
485294220074,MEMORY,alloc,5000,0x5dedc2baa250,5000
485294221283,MEMORY,alloc,55,0x5dedc24f0b40,55
485294221529,MEMORY,alloc,72,0x5dedc2bab5e0,72
485294221721,MEMORY,alloc,55,0x5dedc2bab630,55
485294225897,MEMORY,free_unknown,0,0x5dedc24f0b40,0
485294230640,MEMORY,alloc,3520,0x5dedc2bab670,3520
485294231693,MEMORY,alloc,46,0x5dedc24f0b40,46
485294231971,MEMORY,alloc,72,0x5dedc2bac440,72
485294232212,MEMORY,alloc,46,0x5dedc2bac490,46
485294236081,MEMORY,free_unknown,0,0x5dedc24f0b40,0
485294240532,MEMORY,alloc,3944,0x5dedc2bac4d0,3944
485294241883,MEMORY,alloc,46,0x5dedc24f0b40,46
485294242136,MEMORY,alloc,72,0x5dedc2bad440,72
485294242358,MEMORY,alloc,46,0x5dedc2bad490,46
485294245314,MEMORY,free_unknown,0,0x5dedc24f0b40,0
485294249873,MEMORY,alloc,4184,0x5dedc2bad4d0,4184
485294251015,MEMORY,alloc,46,0x5dedc24f0b40,46
485294251265,MEMORY,alloc,72,0x5dedc2bae530,72
485294251458,MEMORY,alloc,46,0x5dedc2bae580,46
485294254199,MEMORY,free_unknown,0,0x5dedc24f0b40,0
485294258730,MEMORY,alloc,13576,0x5dedc2bae5c0,13576
485294280806,MEMORY,alloc,50,0x5dedc24f0b40,50
485294281132,MEMORY,alloc,72,0x5dedc2bb1ad0,72
485294281320,MEMORY,alloc,50,0x5dedc2bb1b20,50
485294285272,MEMORY,free_unknown,0,0x5dedc24f0b40,0
485294418605,MEMORY,alloc,40352,0x5dedc2bb1b60,40352
485294472412,MEMORY,alloc,55,0x5dedc24f0b40,55
485294472767,MEMORY,alloc,72,0x5dedc2bbb910,72
485294477672,MEMORY,alloc,55,0x5dedc2bbb960,55
485294482050,MEMORY,free_unknown,0,0x5dedc24f0b40,0
485294486999,MEMORY,alloc,26888,0x5dedc2bbb9a0,26888
485294515716,MEMORY,alloc,56,0x5dedc24f0b40,56
485294515974,MEMORY,alloc,72,0x5dedc2bc22b0,72
485294516179,MEMORY,alloc,56,0x5dedc2bc2300,56
485294519571,MEMORY,free_unknown,0,0x5dedc24f0b40,0
485294530063,MEMORY,alloc,30568,0x5dedc2bc2340,30568
485294559233,MEMORY,alloc,45,0x5dedc24f0b40,45
485294559643,MEMORY,alloc,72,0x5dedc2bc9ab0,72
485294559820,MEMORY,alloc,45,0x5dedc2bc9b00,45
485294563368,MEMORY,free_unknown,0,0x5dedc24f0b40,0
485294568239,MEMORY,alloc,45896,0x5dedc2bc9b40,45896
485294625808,MEMORY,alloc,56,0x5dedc24f0b40,56
485294626240,MEMORY,alloc,72,0x5dedc2bd4e90,72
485294626439,MEMORY,alloc,56,0x5dedc2bd4ee0,56
485294630095,MEMORY,free_unknown,0,0x5dedc24f0b40,0
485294975481,MEMORY,alloc,44600,0x5dedc2bd4f20,44600
485295076539,MEMORY,alloc,56,0x5dedc24f0b40,56
485295077045,MEMORY,alloc,72,0x5dedc2bdfd60,72
485295077246,MEMORY,alloc,56,0x5dedc2bdfdb0,56
485295082162,MEMORY,free_unknown,0,0x5dedc24f0b40,0
485295087699,MEMORY,alloc,5560,0x5dedc2bdfdf0,5560
485295092412,MEMORY,alloc,55,0x5dedc24f0b40,55
485295092652,MEMORY,alloc,72,0x5dedc2be13b0,72
485295092798,MEMORY,alloc,55,0x5dedc2be1400,55
485295096007,MEMORY,free_unknown,0,0x5dedc24f0b40,0
485295100118,MEMORY,alloc,6224,0x5dedc2be1440,6224
485295101833,MEMORY,alloc,55,0x5dedc24f0b40,55
485295102059,MEMORY,alloc,72,0x5dedc2be2ca0,72
485295102303,MEMORY,alloc,55,0x5dedc2be2cf0,55
485295106006,MEMORY,free_unknown,0,0x5dedc24f0b40,0
485295110541,MEMORY,alloc,6464,0x5dedc2be2d30,6464
485295115411,MEMORY,alloc,55,0x5dedc24f0b40,55
485295115686,MEMORY,alloc,72,0x5dedc2be4680,72
485295115919,MEMORY,alloc,55,0x5dedc2be46d0,55
485295119332,MEMORY,free_unknown,0,0x5dedc24f0b40,0
485295130786,MEMORY,alloc,4624,0x5dedc2be4710,4624
485295131836,MEMORY,alloc,46,0x5dedc24f0b40,46
485295132034,MEMORY,alloc,72,0x5dedc2be5930,72
485295132186,MEMORY,alloc,46,0x5dedc2be5980,46
485295135842,MEMORY,free_unknown,0,0x5dedc24f0b40,0
485295140151,MEMORY,alloc,5048,0x5dedc2be59c0,5048
485295141259,MEMORY,alloc,46,0x5dedc24f0b40,46
485295141508,MEMORY,alloc,72,0x5dedc2be6d80,72
485295141746,MEMORY,alloc,46,0x5dedc2be6dd0,46
485295144583,MEMORY,free_unknown,0,0x5dedc24f0b40,0
485295233132,MEMORY,alloc,5224,0x5dedc2be6e10,5224
485295237784,MEMORY,alloc,46,0x5dedc24f0b40,46
485295238158,MEMORY,alloc,72,0x5dedc2be8280,72
485295238400,MEMORY,alloc,46,0x5dedc2be82d0,46
485295242611,MEMORY,free_unknown,0,0x5dedc24f0b40,0
485295247299,MEMORY,alloc,13576,0x5dedc2be8310,13576
485295257416,MEMORY,alloc,50,0x5dedc24f0b40,50
485295257662,MEMORY,alloc,72,0x5dedc2beb820,72
485295257850,MEMORY,alloc,50,0x5dedc2beb870,50
485295261302,MEMORY,free_unknown,0,0x5dedc24f0b40,0
485295352761,MEMORY,alloc,40352,0x5dedc2beb8b0,40352
485295453227,MEMORY,alloc,55,0x5dedc24f0b40,55
485295453983,MEMORY,alloc,72,0x5dedc2bf5660,72
485295454277,MEMORY,alloc,55,0x5dedc2bf56b0,55
485295459567,MEMORY,free_unknown,0,0x5dedc24f0b40,0
485295470726,MEMORY,alloc,26888,0x5dedc2bf56f0,26888
485295506054,MEMORY,alloc,56,0x5dedc24f0b40,56
485295510402,MEMORY,alloc,72,0x5dedc2bfc000,72
485295510704,MEMORY,alloc,56,0x5dedc2bfc050,56
485295514892,MEMORY,free_unknown,0,0x5dedc24f0b40,0
485295669811,MEMORY,alloc,30568,0x5dedc2bfc090,30568
485295700779,MEMORY,alloc,45,0x5dedc24f0b40,45
485295701257,MEMORY,alloc,72,0x5dedc2c03800,72
485295701541,MEMORY,alloc,45,0x5dedc2c03850,45
485295706529,MEMORY,free_unknown,0,0x5dedc24f0b40,0
485295760774,MEMORY,alloc,45896,0x5dedc2c03890,45896
485295818967,MEMORY,alloc,56,0x5dedc24f0b40,56
485295819582,MEMORY,alloc,72,0x5dedc2c0ebe0,72
485295819821,MEMORY,alloc,56,0x5dedc2c0ec30,56
485295823868,MEMORY,free_unknown,0,0x5dedc24f0b40,0
485295834120,MEMORY,alloc,44600,0x5dedc2c0ec70,44600
485295918951,MEMORY,alloc,56,0x5dedc24f0b40,56
485295919270,MEMORY,alloc,72,0x5dedc2c19ab0,72
485295919455,MEMORY,alloc,56,0x5dedc2c19b00,56
485295924351,MEMORY,free_unknown,0,0x5dedc24f0b40,0
485295928839,MEMORY,alloc,5560,0x5dedc2c19b40,5560
485295934023,MEMORY,alloc,55,0x5dedc24f0b40,55
485295934273,MEMORY,alloc,72,0x5dedc2c1b100,72
485295938356,MEMORY,alloc,55,0x5dedc2c1b150,55
485295941902,MEMORY,free_unknown,0,0x5dedc24f0b40,0
485295946534,MEMORY,alloc,6224,0x5dedc2c1b190,6224
485295947960,MEMORY,alloc,55,0x5dedc24f0b40,55
485295948262,MEMORY,alloc,72,0x5dedc2c1c9f0,72
485295948468,MEMORY,alloc,55,0x5dedc2c1ca40,55
485295951325,MEMORY,free_unknown,0,0x5dedc24f0b40,0
485295956520,MEMORY,alloc,6464,0x5dedc2c1ca80,6464
485295961296,MEMORY,alloc,55,0x5dedc24f0b40,55
485295961578,MEMORY,alloc,72,0x5dedc2c1e3d0,72
485295961818,MEMORY,alloc,55,0x5dedc2c1e420,55
485295965171,MEMORY,free_unknown,0,0x5dedc24f0b40,0
485295969946,MEMORY,alloc,4624,0x5dedc2c1e460,4624
485295971049,MEMORY,alloc,46,0x5dedc24f0b40,46
485295971338,MEMORY,alloc,72,0x5dedc2c1f680,72
485295971558,MEMORY,alloc,46,0x5dedc2c1f6d0,46
485295974411,MEMORY,free_unknown,0,0x5dedc24f0b40,0
485295978705,MEMORY,alloc,5048,0x5dedc2c1f710,5048
485295979821,MEMORY,alloc,46,0x5dedc24f0b40,46
485295980035,MEMORY,alloc,72,0x5dedc2c20ad0,72
485295980175,MEMORY,alloc,46,0x5dedc2c20b20,46
485295984172,MEMORY,free_unknown,0,0x5dedc24f0b40,0
485295999126,MEMORY,alloc,5224,0x5dedc2c20b60,5224
485296022094,MEMORY,alloc,46,0x5dedc24f0b40,46
485296027584,MEMORY,alloc,72,0x5dedc2c21fd0,72
485296027902,MEMORY,alloc,46,0x5dedc2c22020,46
485296032733,MEMORY,free_unknown,0,0x5dedc24f0b40,0
485296184989,MEMORY,alloc,10280,0x5dedc2c22060,10280
485296192524,MEMORY,alloc,50,0x5dedc24f0b40,50
485296193057,MEMORY,alloc,72,0x5dedc2c24890,72
485296193314,MEMORY,alloc,50,0x5dedc2c248e0,50
485296199266,MEMORY,alloc,4328,0x5dedc2c24920,4328
485296241359,MEMORY,free,2056,0x5dedc28a12a0,0
485296244673,MEMORY,free_unknown,0,0x5dedc24f0b40,0
485296313817,MEMORY,alloc,29640,0x5dedc2c25a10,29640
485296344082,MEMORY,alloc,55,0x5dedc24f0b40,55
485296345096,MEMORY,alloc,72,0x5dedc28a12a0,72
485296345602,MEMORY,alloc,55,0x5dedc28a12f0,55
485296350498,MEMORY,free_unknown,0,0x5dedc24f0b40,0
485296355547,MEMORY,alloc,25528,0x5dedc2c2cde0,25528
485296383309,MEMORY,alloc,56,0x5dedc24f0b40,56
485296383817,MEMORY,alloc,72,0x5dedc28a1330,72
485296384078,MEMORY,alloc,56,0x5dedc28a1380,56
485296398139,MEMORY,free_unknown,0,0x5dedc24f0b40,0
485296666295,MEMORY,alloc,22472,0x5dedc2c331a0,22472
485296686829,MEMORY,alloc,45,0x5dedc24f0b40,45
485296687567,MEMORY,alloc,72,0x5dedc28a13c0,72
485296687916,MEMORY,alloc,45,0x5dedc28a1410,45
485296692756,MEMORY,free_unknown,0,0x5dedc24f0b40,0
485296697682,MEMORY,alloc,39648,0x5dedc2c38970,39648
485296865672,MEMORY,alloc,56,0x5dedc24f0b40,56
485296866474,MEMORY,alloc,72,0x5dedc28a1450,72
485296866773,MEMORY,alloc,56,0x5dedc28a14a0,56
485296871485,MEMORY,free_unknown,0,0x5dedc24f0b40,0
485297052016,MEMORY,alloc,37808,0x5dedc2c42460,37808
485297091801,MEMORY,alloc,56,0x5dedc24f0b40,56
485297092509,MEMORY,alloc,72,0x5dedc28a14e0,72
485297092947,MEMORY,alloc,56,0x5dedc28a1530,56
485297098684,MEMORY,free_unknown,0,0x5dedc24f0b40,0
485297104659,MEMORY,alloc,4000,0x5dedc2c4b820,4000
485297105829,MEMORY,alloc,55,0x5dedc24f0b40,55
485297106262,MEMORY,alloc,72,0x5dedc28a1570,72
485297106509,MEMORY,alloc,55,0x5dedc28a15c0,55
485297109815,MEMORY,free_unknown,0,0x5dedc24f0b40,0
485297114190,MEMORY,alloc,4664,0x5dedc2c4c7d0,4664
485297115482,MEMORY,alloc,55,0x5dedc24f0b40,55
485297115830,MEMORY,alloc,72,0x5dedc28a1600,72
485297116100,MEMORY,alloc,55,0x5dedc28a1650,55
485297118996,MEMORY,free_unknown,0,0x5dedc24f0b40,0
485297123909,MEMORY,alloc,4872,0x5dedc2c4da10,4872
485297125033,MEMORY,alloc,55,0x5dedc24f0b40,55
485297125398,MEMORY,alloc,72,0x5dedc28a1690,72
485297125673,MEMORY,alloc,55,0x5dedc28a16e0,55
485297128962,MEMORY,free_unknown,0,0x5dedc24f0b40,0
485297133670,MEMORY,alloc,3392,0x5dedc2c4ed20,3392
485297134541,MEMORY,alloc,46,0x5dedc24f0b40,46
485297135053,MEMORY,alloc,72,0x5dedc28a1720,72
485297135326,MEMORY,alloc,46,0x5dedc28a1770,46
485297138361,MEMORY,free_unknown,0,0x5dedc24f0b40,0
485297142821,MEMORY,alloc,3816,0x5dedc2c4fa70,3816
485297143692,MEMORY,alloc,46,0x5dedc24f0b40,46
485297144091,MEMORY,alloc,72,0x5dedc28a17b0,72
485297144339,MEMORY,alloc,46,0x5dedc28a1800,46
485297147744,MEMORY,free_unknown,0,0x5dedc24f0b40,0
485297152290,MEMORY,alloc,3992,0x5dedc2c50960,3992
485297153287,MEMORY,alloc,46,0x5dedc24f0b40,46
485297157425,MEMORY,alloc,72,0x5dedc28a1840,72
485297157645,MEMORY,alloc,46,0x5dedc28a1890,46
485297160733,MEMORY,free_unknown,0,0x5dedc24f0b40,0
485297165471,MEMORY,alloc,13576,0x5dedc2c51900,13576
485297176164,MEMORY,alloc,50,0x5dedc24f0b40,50
485297176609,MEMORY,alloc,72,0x5dedc28a18d0,72
485297176796,MEMORY,alloc,50,0x5dedc28a1920,50
485297180910,MEMORY,free_unknown,0,0x5dedc24f0b40,0
485297193082,MEMORY,alloc,40352,0x5dedc2c54e10,40352
485297306077,MEMORY,alloc,55,0x5dedc24f0b40,55
485297307065,MEMORY,alloc,72,0x5dedc28a1960,72
485297307498,MEMORY,alloc,55,0x5dedc28a19b0,55
485297312378,MEMORY,free_unknown,0,0x5dedc24f0b40,0
485297317244,MEMORY,alloc,26888,0x5dedc2c5ebc0,26888
485297345899,MEMORY,alloc,56,0x5dedc24f0b40,56
485297346306,MEMORY,alloc,72,0x5dedc28a19f0,72
485297346578,MEMORY,alloc,56,0x5dedc28a1a40,56
485297350431,MEMORY,free_unknown,0,0x5dedc24f0b40,0
485297518103,MEMORY,alloc,30568,0x5dedc2c654d0,30568
485297549790,MEMORY,alloc,45,0x5dedc24f0b40,45
485297550877,MEMORY,alloc,72,0x5dedc2c6cc40,72
485297551223,MEMORY,alloc,45,0x5dedc2c6cc90,45
485297556281,MEMORY,free_unknown,0,0x5dedc24f0b40,0
485297641379,MEMORY,alloc,45896,0x5dedc2c6ccd0,45896
485297715293,MEMORY,alloc,56,0x5dedc24f0b40,56
485297715910,MEMORY,alloc,72,0x5dedc2c78020,72
485297716091,MEMORY,alloc,56,0x5dedc2c78070,56
485297720487,MEMORY,free_unknown,0,0x5dedc24f0b40,0
485297725446,MEMORY,alloc,44600,0x5dedc2c780b0,44600
485297779558,MEMORY,alloc,56,0x5dedc24f0b40,56
485297780020,MEMORY,alloc,72,0x5dedc2c82ef0,72
485297780253,MEMORY,alloc,56,0x5dedc2c82f40,56
485297784662,MEMORY,free_unknown,0,0x5dedc24f0b40,0
485297790461,MEMORY,alloc,5560,0x5dedc2c82f80,5560
485297795054,MEMORY,alloc,55,0x5dedc24f0b40,55
485297795400,MEMORY,alloc,72,0x5dedc2c84540,72
485297795569,MEMORY,alloc,55,0x5dedc2c84590,55
485297799037,MEMORY,free_unknown,0,0x5dedc24f0b40,0
485297803529,MEMORY,alloc,6224,0x5dedc2c845d0,6224
485297804918,MEMORY,alloc,55,0x5dedc24f0b40,55
485297805189,MEMORY,alloc,72,0x5dedc2c85e30,72
485297805343,MEMORY,alloc,55,0x5dedc2c85e80,55
485297808397,MEMORY,free_unknown,0,0x5dedc24f0b40,0
485297818332,MEMORY,alloc,6464,0x5dedc2c85ec0,6464
485297823121,MEMORY,alloc,55,0x5dedc24f0b40,55
485297823369,MEMORY,alloc,72,0x5dedc2c87810,72
485297823532,MEMORY,alloc,55,0x5dedc2c87860,55
485297826907,MEMORY,free_unknown,0,0x5dedc24f0b40,0
485297831893,MEMORY,alloc,4624,0x5dedc2c878a0,4624
485297832953,MEMORY,alloc,46,0x5dedc24f0b40,46
485297833248,MEMORY,alloc,72,0x5dedc2c88ac0,72
485297833466,MEMORY,alloc,46,0x5dedc2c88b10,46
485297836588,MEMORY,free_unknown,0,0x5dedc24f0b40,0
485297841144,MEMORY,alloc,5048,0x5dedc2c88b50,5048
485297842518,MEMORY,alloc,46,0x5dedc24f0b40,46
485297842793,MEMORY,alloc,72,0x5dedc2c89f10,72
485297843007,MEMORY,alloc,46,0x5dedc2c89f60,46
485297847543,MEMORY,free_unknown,0,0x5dedc24f0b40,0
485297851803,MEMORY,alloc,5224,0x5dedc2c89fa0,5224
485297866689,MEMORY,alloc,46,0x5dedc24f0b40,46
485297867059,MEMORY,alloc,72,0x5dedc2c8b410,72
485297867292,MEMORY,alloc,46,0x5dedc2c8b460,46
485297870352,MEMORY,free_unknown,0,0x5dedc24f0b40,0
485298022068,MEMORY,alloc,10280,0x5dedc2c8b4a0,10280
485298029969,MEMORY,alloc,50,0x5dedc24f0b40,50
485298030431,MEMORY,alloc,72,0x5dedc2c8dcd0,72
485298030564,MEMORY,alloc,50,0x5dedc2c8dd20,50
485298035048,MEMORY,free_unknown,0,0x5dedc24f0b40,0
485298040017,MEMORY,alloc,29640,0x5dedc2c8dd60,29640
485298073249,MEMORY,alloc,55,0x5dedc24f0b40,55
485298073521,MEMORY,alloc,72,0x5dedc2c95130,72
485298073759,MEMORY,alloc,55,0x5dedc2c95180,55
485298077308,MEMORY,free_unknown,0,0x5dedc24f0b40,0
485298093131,MEMORY,alloc,25528,0x5dedc2c951c0,25528
485298118482,MEMORY,alloc,56,0x5dedc24f0b40,56
485298118858,MEMORY,alloc,72,0x5dedc2c9b580,72
485298119125,MEMORY,alloc,56,0x5dedc2c9b5d0,56
485298123344,MEMORY,free_unknown,0,0x5dedc24f0b40,0
485298127793,MEMORY,alloc,22472,0x5dedc2c9b610,22472
485298147487,MEMORY,alloc,45,0x5dedc24f0b40,45
485298147796,MEMORY,alloc,72,0x5dedc2ca0de0,72
485298148010,MEMORY,alloc,45,0x5dedc2ca0e30,45
485298152104,MEMORY,free_unknown,0,0x5dedc24f0b40,0
485298161771,MEMORY,alloc,39648,0x5dedc2ca0e70,39648
485298214085,MEMORY,alloc,56,0x5dedc24f0b40,56
485298218722,MEMORY,alloc,72,0x5dedc2caa960,72
485298218964,MEMORY,alloc,56,0x5dedc2caa9b0,56
485298222896,MEMORY,free_unknown,0,0x5dedc24f0b40,0
485298375414,MEMORY,alloc,37808,0x5dedc2caa9f0,37808
485298414837,MEMORY,alloc,56,0x5dedc24f0b40,56
485298415365,MEMORY,alloc,72,0x5dedc2cb3db0,72
485298415652,MEMORY,alloc,56,0x5dedc2cb3e00,56
485298419978,MEMORY,free_unknown,0,0x5dedc24f0b40,0
485298431424,MEMORY,alloc,4000,0x5dedc2cb3e40,4000
485298432417,MEMORY,alloc,55,0x5dedc24f0b40,55
485298432672,MEMORY,alloc,72,0x5dedc2cb4df0,72
485298432829,MEMORY,alloc,55,0x5dedc2cb4e40,55
485298435996,MEMORY,free_unknown,0,0x5dedc24f0b40,0
485298440937,MEMORY,alloc,4664,0x5dedc2cb4e80,4664
485298445085,MEMORY,alloc,55,0x5dedc24f0b40,55
485298445255,MEMORY,alloc,72,0x5dedc2cb60c0,72
485298445497,MEMORY,alloc,55,0x5dedc2cb6110,55
485298448517,MEMORY,free_unknown,0,0x5dedc24f0b40,0
485298452728,MEMORY,alloc,4872,0x5dedc2cb6150,4872
485298453818,MEMORY,alloc,55,0x5dedc24f0b40,55
485298454010,MEMORY,alloc,72,0x5dedc2cb7460,72
485298454177,MEMORY,alloc,55,0x5dedc2cb74b0,55
485298456891,MEMORY,free_unknown,0,0x5dedc24f0b40,0
485298465338,MEMORY,alloc,3392,0x5dedc2cb74f0,3392
485298466308,MEMORY,alloc,46,0x5dedc24f0b40,46
485298466589,MEMORY,alloc,72,0x5dedc2cb8240,72
485298466819,MEMORY,alloc,46,0x5dedc2cb8290,46
485298469615,MEMORY,free_unknown,0,0x5dedc24f0b40,0
485298668333,MEMORY,alloc,3816,0x5dedc2cb82d0,3816
485298669733,MEMORY,alloc,46,0x5dedc24f0b40,46
485298670156,MEMORY,alloc,72,0x5dedc2cb91c0,72
485298670376,MEMORY,alloc,46,0x5dedc2cb9210,46
485298675022,MEMORY,free_unknown,0,0x5dedc24f0b40,0
485298679973,MEMORY,alloc,3992,0x5dedc2cb9250,3992
485298681073,MEMORY,alloc,46,0x5dedc24f0b40,46
485298681340,MEMORY,alloc,72,0x5dedc2cba1f0,72
485298681560,MEMORY,alloc,46,0x5dedc2cba240,46
485298684568,MEMORY,free_unknown,0,0x5dedc24f0b40,0
485298688820,MEMORY,alloc,14232,0x5dedc2cba280,14232
485298699204,MEMORY,alloc,51,0x5dedc24f0b40,51
485298699527,MEMORY,alloc,72,0x5dedc2cbda20,72
485298699774,MEMORY,alloc,51,0x5dedc2cbda70,51
485298702790,MEMORY,free_unknown,0,0x5dedc24f0b40,0
485298707228,MEMORY,alloc,40688,0x5dedc2cbdab0,40688
485298834998,MEMORY,alloc,56,0x5dedc24f0b40,56
485298835698,MEMORY,alloc,72,0x5dedc2cc79b0,72
485298835864,MEMORY,alloc,56,0x5dedc2cc7a00,56
485298840597,MEMORY,free_unknown,0,0x5dedc24f0b40,0
485298934066,MEMORY,alloc,28296,0x5dedc2cc7a40,28296
485299030234,MEMORY,alloc,57,0x5dedc2cce8d0,57
485299030657,MEMORY,alloc,72,0x5dedc2cce920,72
485299030867,MEMORY,alloc,57,0x5dedc2cce970,57
485299035501,MEMORY,free_unknown,0,0x5dedc2cce8d0,0
485299360913,MEMORY,alloc,30992,0x5dedc2cce9c0,30992
485299424086,MEMORY,alloc,46,0x5dedc24f0b40,46
485299424341,MEMORY,alloc,72,0x5dedc2cce8d0,72
485299424672,MEMORY,alloc,46,0x5dedc2cd62e0,46
485299429355,MEMORY,free_unknown,0,0x5dedc24f0b40,0
485299441432,MEMORY,alloc,47256,0x5dedc2cd6320,47256
485299488489,MEMORY,alloc,57,0x5dedc2ce1bc0,57
485299488726,MEMORY,alloc,72,0x5dedc2ce1c10,72
485299488992,MEMORY,alloc,57,0x5dedc2ce1c60,57
485299492729,MEMORY,free_unknown,0,0x5dedc2ce1bc0,0
485299506469,MEMORY,alloc,46024,0x5dedc2ce1cb0,46024
485299571073,MEMORY,alloc,57,0x5dedc2ce1bc0,57
485299571357,MEMORY,alloc,72,0x5dedc2ced080,72
485299571551,MEMORY,alloc,57,0x5dedc2ced0d0,57
485299575925,MEMORY,free_unknown,0,0x5dedc2ce1bc0,0
485299580411,MEMORY,alloc,5664,0x5dedc2ced120,5664
485299581789,MEMORY,alloc,56,0x5dedc24f0b40,56
485299581948,MEMORY,alloc,72,0x5dedc2ce1bc0,72
485299582165,MEMORY,alloc,56,0x5dedc2cee750,56
485299585498,MEMORY,free_unknown,0,0x5dedc24f0b40,0
485299589853,MEMORY,alloc,6264,0x5dedc2cee790,6264
485299594947,MEMORY,alloc,56,0x5dedc24f0b40,56
485299595231,MEMORY,alloc,72,0x5dedc2cf0010,72
485299595470,MEMORY,alloc,56,0x5dedc2cf0060,56
485299598403,MEMORY,free_unknown,0,0x5dedc24f0b40,0
485299602566,MEMORY,alloc,6504,0x5dedc2cf00a0,6504
485299604017,MEMORY,alloc,56,0x5dedc24f0b40,56
485299604296,MEMORY,alloc,72,0x5dedc2cf1a10,72
485299604504,MEMORY,alloc,56,0x5dedc2cf1a60,56
485299607278,MEMORY,free_unknown,0,0x5dedc24f0b40,0
485299611423,MEMORY,alloc,4664,0x5dedc2cf1aa0,4664
485299612428,MEMORY,alloc,47,0x5dedc24f0b40,47
485299616594,MEMORY,alloc,72,0x5dedc2cf2ce0,72
485299616809,MEMORY,alloc,47,0x5dedc2cf2d30,47
485299619780,MEMORY,free_unknown,0,0x5dedc24f0b40,0
485299624155,MEMORY,alloc,5152,0x5dedc2cf2d70,5152
485299628710,MEMORY,alloc,47,0x5dedc24f0b40,47
485299628971,MEMORY,alloc,72,0x5dedc2cf41a0,72
485299629193,MEMORY,alloc,47,0x5dedc2cf41f0,47
485299632346,MEMORY,free_unknown,0,0x5dedc24f0b40,0
485299636859,MEMORY,alloc,5328,0x5dedc2cf4230,5328
485299638363,MEMORY,alloc,47,0x5dedc24f0b40,47
485299638618,MEMORY,alloc,72,0x5dedc2cf5710,72
485299638795,MEMORY,alloc,47,0x5dedc2cf5760,47
485299641788,MEMORY,free_unknown,0,0x5dedc24f0b40,0
485299985949,MEMORY,alloc,10024,0x5dedc2cf57a0,10024
485299993265,MEMORY,alloc,51,0x5dedc24f0b40,51
485299993804,MEMORY,alloc,72,0x5dedc2cf7ed0,72
485299994042,MEMORY,alloc,51,0x5dedc2cf7f20,51
485299998548,MEMORY,free_unknown,0,0x5dedc24f0b40,0
485300020476,MEMORY,alloc,29832,0x5dedc2cf7f60,29832
485300055111,MEMORY,alloc,56,0x5dedc24f0b40,56
485300055471,MEMORY,alloc,72,0x5dedc2cff3f0,72
485300055735,MEMORY,alloc,56,0x5dedc2cff440,56
485300059756,MEMORY,free_unknown,0,0x5dedc24f0b40,0
485300064644,MEMORY,alloc,25400,0x5dedc2cff480,25400
485300088797,MEMORY,alloc,57,0x5dedc2d057c0,57
485300088998,MEMORY,alloc,72,0x5dedc2d05810,72
485300089168,MEMORY,alloc,57,0x5dedc2d05860,57
485300092764,MEMORY,free_unknown,0,0x5dedc2d057c0,0
485300331872,MEMORY,alloc,22664,0x5dedc2d058b0,22664
485300357768,MEMORY,alloc,46,0x5dedc24f0b40,46
485300358005,MEMORY,alloc,72,0x5dedc2d057c0,72
485300358383,MEMORY,alloc,46,0x5dedc2d0b140,46
485300363439,MEMORY,free_unknown,0,0x5dedc24f0b40,0
485300368386,MEMORY,alloc,39392,0x5dedc2d0b180,39392
485300497134,MEMORY,alloc,57,0x5dedc2d14b70,57
485300497509,MEMORY,alloc,72,0x5dedc2d14bc0,72
485300497685,MEMORY,alloc,57,0x5dedc2d14c10,57
485300501776,MEMORY,free_unknown,0,0x5dedc2d14b70,0
485300756020,MEMORY,alloc,37680,0x5dedc2d14c60,37680
485300854152,MEMORY,alloc,57,0x5dedc2d14b70,57
485300854792,MEMORY,alloc,72,0x5dedc2d1dfa0,72
485300858919,MEMORY,alloc,57,0x5dedc2d1dff0,57
485300864964,MEMORY,free_unknown,0,0x5dedc2d14b70,0
485300869911,MEMORY,alloc,4064,0x5dedc2d1e040,4064
485300870988,MEMORY,alloc,56,0x5dedc24f0b40,56
485300871166,MEMORY,alloc,72,0x5dedc2d14b70,72
485300871375,MEMORY,alloc,56,0x5dedc2d1f030,56
485300875217,MEMORY,free_unknown,0,0x5dedc24f0b40,0
485300879678,MEMORY,alloc,4664,0x5dedc2d1f070,4664
485300880991,MEMORY,alloc,56,0x5dedc24f0b40,56
485300881230,MEMORY,alloc,72,0x5dedc2d202b0,72
485300881475,MEMORY,alloc,56,0x5dedc2d20300,56
485300885069,MEMORY,free_unknown,0,0x5dedc24f0b40,0
485300889366,MEMORY,alloc,4872,0x5dedc2d20340,4872
485300890624,MEMORY,alloc,56,0x5dedc24f0b40,56
485300890848,MEMORY,alloc,72,0x5dedc2d21650,72
485300891052,MEMORY,alloc,56,0x5dedc2d216a0,56
485300894631,MEMORY,free_unknown,0,0x5dedc24f0b40,0
485300898842,MEMORY,alloc,3392,0x5dedc2d216e0,3392
485300899873,MEMORY,alloc,47,0x5dedc24f0b40,47
485300900125,MEMORY,alloc,72,0x5dedc2d22430,72
485300900352,MEMORY,alloc,47,0x5dedc2d22480,47
485300903943,MEMORY,free_unknown,0,0x5dedc24f0b40,0
485300908243,MEMORY,alloc,3880,0x5dedc2d224c0,3880
485300909427,MEMORY,alloc,47,0x5dedc24f0b40,47
485300909690,MEMORY,alloc,72,0x5dedc2d233f0,72
485300909932,MEMORY,alloc,47,0x5dedc2d23440,47
485300913622,MEMORY,free_unknown,0,0x5dedc24f0b40,0
485300918360,MEMORY,alloc,4056,0x5dedc2d23480,4056
485300919473,MEMORY,alloc,47,0x5dedc24f0b40,47
485300919754,MEMORY,alloc,72,0x5dedc2d24460,72
485300919984,MEMORY,alloc,47,0x5dedc2d244b0,47
485300922710,MEMORY,free_unknown,0,0x5dedc24f0b40,0
485300926865,MEMORY,alloc,10024,0x5dedc2d244f0,10024
485300943538,MEMORY,alloc,51,0x5dedc24f0b40,51
485300943900,MEMORY,alloc,72,0x5dedc2d26c20,72
485300944100,MEMORY,alloc,51,0x5dedc2d26c70,51
485300948178,MEMORY,free_unknown,0,0x5dedc24f0b40,0
485300959667,MEMORY,alloc,29768,0x5dedc2d26cb0,29768
485300992286,MEMORY,alloc,56,0x5dedc24f0b40,56
485300992625,MEMORY,alloc,72,0x5dedc2d2e100,72
485300992844,MEMORY,alloc,56,0x5dedc2d2e150,56
485300996602,MEMORY,free_unknown,0,0x5dedc24f0b40,0
485301021152,MEMORY,alloc,25272,0x5dedc2d2e190,25272
485301045998,MEMORY,alloc,57,0x5dedc2d34450,57
485301046334,MEMORY,alloc,72,0x5dedc2d344a0,72
485301050775,MEMORY,alloc,57,0x5dedc2d344f0,57
485301054664,MEMORY,free_unknown,0,0x5dedc2d34450,0
485301123677,MEMORY,alloc,22664,0x5dedc2d34540,22664
485301166295,MEMORY,alloc,46,0x5dedc24f0b40,46
485301166497,MEMORY,alloc,72,0x5dedc2d34450,72
485301166782,MEMORY,alloc,46,0x5dedc2d39dd0,46
485301171700,MEMORY,free_unknown,0,0x5dedc24f0b40,0
485301331643,MEMORY,alloc,39200,0x5dedc2d39e10,39200
485301374143,MEMORY,alloc,57,0x5dedc2d43740,57
485301374471,MEMORY,alloc,72,0x5dedc2d43790,72
485301374785,MEMORY,alloc,57,0x5dedc2d437e0,57
485301379972,MEMORY,free_unknown,0,0x5dedc2d43740,0
485301390930,MEMORY,alloc,37488,0x5dedc2d43830,37488
485301428066,MEMORY,alloc,57,0x5dedc2d43740,57
485301428392,MEMORY,alloc,72,0x5dedc2d4cab0,72
485301428647,MEMORY,alloc,57,0x5dedc2d4cb00,57
485301431813,MEMORY,free_unknown,0,0x5dedc2d43740,0
485301436210,MEMORY,alloc,4000,0x5dedc2d4cb50,4000
485301437144,MEMORY,alloc,56,0x5dedc24f0b40,56
485301437334,MEMORY,alloc,72,0x5dedc2d43740,72
485301437532,MEMORY,alloc,56,0x5dedc2d4db00,56
485301440429,MEMORY,free_unknown,0,0x5dedc24f0b40,0
485301444948,MEMORY,alloc,4664,0x5dedc2d4db40,4664
485301445945,MEMORY,alloc,56,0x5dedc24f0b40,56
485301446200,MEMORY,alloc,72,0x5dedc2d4ed80,72
485301446435,MEMORY,alloc,56,0x5dedc2d4edd0,56
485301449122,MEMORY,free_unknown,0,0x5dedc24f0b40,0
485301453375,MEMORY,alloc,4872,0x5dedc2d4ee10,4872
485301457781,MEMORY,alloc,56,0x5dedc24f0b40,56
485301458035,MEMORY,alloc,72,0x5dedc2d50120,72
485301458240,MEMORY,alloc,56,0x5dedc2d50170,56
485301461164,MEMORY,free_unknown,0,0x5dedc24f0b40,0
485301461747,MEMORY,alloc,3392,0x5dedc2d501b0,3392
485301462500,MEMORY,alloc,47,0x5dedc24f0b40,47
485301462724,MEMORY,alloc,72,0x5dedc2d50f00,72
485301462973,MEMORY,alloc,47,0x5dedc2d50f50,47
485301465532,MEMORY,free_unknown,0,0x5dedc24f0b40,0
485301469782,MEMORY,alloc,3816,0x5dedc2d50f90,3816
485301470621,MEMORY,alloc,47,0x5dedc24f0b40,47
485301470824,MEMORY,alloc,72,0x5dedc2d51e80,72
485301470982,MEMORY,alloc,47,0x5dedc2d51ed0,47
485301473813,MEMORY,free_unknown,0,0x5dedc24f0b40,0
485301478148,MEMORY,alloc,4056,0x5dedc2d51f10,4056
485301479059,MEMORY,alloc,47,0x5dedc24f0b40,47
485301479301,MEMORY,alloc,72,0x5dedc2d52ef0,72
485301479468,MEMORY,alloc,47,0x5dedc2d52f40,47
485301482591,MEMORY,free_unknown,0,0x5dedc24f0b40,0
485301496909,MEMORY,alloc,4576,0x5dedc2d52f80,4576
485301501689,MEMORY,alloc,50,0x5dedc24f0b40,50
485301501992,MEMORY,alloc,72,0x5dedc2d54170,72
485301502231,MEMORY,alloc,50,0x5dedc2d541c0,50
485301505928,MEMORY,free_unknown,0,0x5dedc24f0b40,0
485301510417,MEMORY,alloc,14040,0x5dedc2d54200,14040
485301522131,MEMORY,alloc,51,0x5dedc24f0b40,51
485301522386,MEMORY,alloc,72,0x5dedc2d578e0,72
485301522514,MEMORY,alloc,51,0x5dedc2d57930,51
485301526739,MEMORY,free_unknown,0,0x5dedc24f0b40,0
485301541180,MEMORY,alloc,40752,0x5dedc2d57970,40752
485301584234,MEMORY,alloc,56,0x5dedc24f0b40,56
485301584495,MEMORY,alloc,72,0x5dedc2d618b0,72
485301584706,MEMORY,alloc,56,0x5dedc2d61900,56
485301589242,MEMORY,free_unknown,0,0x5dedc24f0b40,0
485301731714,MEMORY,alloc,37320,0x5dedc2d61940,37320
485301770659,MEMORY,alloc,57,0x5dedc2d6ab10,57
485301771034,MEMORY,alloc,72,0x5dedc2d6ab60,72
485301771273,MEMORY,alloc,57,0x5dedc2d6abb0,57
485301776180,MEMORY,free_unknown,0,0x5dedc2d6ab10,0
485301781037,MEMORY,alloc,31312,0x5dedc2d6ac00,31312
485301823420,MEMORY,alloc,46,0x5dedc24f0b40,46
485301823630,MEMORY,alloc,72,0x5dedc2d6ab10,72
485301823945,MEMORY,alloc,46,0x5dedc2d72660,46
485301827762,MEMORY,free_unknown,0,0x5dedc24f0b40,0
485302052555,MEMORY,alloc,45720,0x5dedc2d726a0,45720
485302099803,MEMORY,alloc,57,0x5dedc2d7d940,57
485302100104,MEMORY,alloc,72,0x5dedc2d7d990,72
485302100335,MEMORY,alloc,57,0x5dedc2d7d9e0,57
485302104710,MEMORY,free_unknown,0,0x5dedc2d7d940,0
485302120207,MEMORY,alloc,45064,0x5dedc2d7da30,45064
485302248450,MEMORY,alloc,57,0x5dedc2d7d940,57
485302249234,MEMORY,alloc,72,0x5dedc2d88a40,72
485302249484,MEMORY,alloc,57,0x5dedc2d88a90,57
485302253240,MEMORY,free_unknown,0,0x5dedc2d7d940,0
485302262669,MEMORY,alloc,5536,0x5dedc2d88ae0,5536
485302267369,MEMORY,alloc,56,0x5dedc24f0b40,56
485302267588,MEMORY,alloc,72,0x5dedc2d7d940,72
485302271539,MEMORY,alloc,56,0x5dedc2d8a090,56
485302275087,MEMORY,free_unknown,0,0x5dedc24f0b40,0
485302429354,MEMORY,alloc,6200,0x5dedc2d8a0d0,6200
485302431754,MEMORY,alloc,56,0x5dedc24f0b40,56
485302432203,MEMORY,alloc,72,0x5dedc2d8b910,72
485302432427,MEMORY,alloc,56,0x5dedc2d8b960,56
485302436839,MEMORY,free_unknown,0,0x5dedc24f0b40,0
485302441862,MEMORY,alloc,6376,0x5dedc2d8b9a0,6376
485302446740,MEMORY,alloc,56,0x5dedc24f0b40,56
485302446989,MEMORY,alloc,72,0x5dedc2d8d290,72
485302447208,MEMORY,alloc,56,0x5dedc2d8d2e0,56
485302450462,MEMORY,free_unknown,0,0x5dedc24f0b40,0
485302460906,MEMORY,alloc,4664,0x5dedc2d8d320,4664
485302516900,MEMORY,alloc,47,0x5dedc24f0b40,47
485302517352,MEMORY,alloc,72,0x5dedc2d8e560,72
485302517549,MEMORY,alloc,47,0x5dedc2d8e5b0,47
485302521883,MEMORY,free_unknown,0,0x5dedc24f0b40,0
485302528470,MEMORY,alloc,5088,0x5dedc2d8e5f0,5088
485302529551,MEMORY,alloc,47,0x5dedc24f0b40,47
485302529823,MEMORY,alloc,72,0x5dedc2d8f9e0,72
485302530037,MEMORY,alloc,47,0x5dedc2d8fa30,47
485302533321,MEMORY,free_unknown,0,0x5dedc24f0b40,0
485302537573,MEMORY,alloc,5264,0x5dedc2d8fa70,5264
485302538651,MEMORY,alloc,47,0x5dedc24f0b40,47
485302538799,MEMORY,alloc,72,0x5dedc2d90f10,72
485302538950,MEMORY,alloc,47,0x5dedc2d90f60,47
485302542379,MEMORY,free_unknown,0,0x5dedc24f0b40,0
485302546326,MEMORY,alloc,4576,0x5dedc2d90fa0,4576
485302550558,MEMORY,alloc,51,0x5dedc24f0b40,51
485302550821,MEMORY,alloc,72,0x5dedc2d92190,72
485302551003,MEMORY,alloc,51,0x5dedc2d921e0,51
485302554690,MEMORY,free_unknown,0,0x5dedc24f0b40,0
485302559608,MEMORY,alloc,14040,0x5dedc2d92220,14040
485302570650,MEMORY,alloc,52,0x5dedc24f0b40,52
485302570886,MEMORY,alloc,72,0x5dedc2d95900,72
485302571048,MEMORY,alloc,52,0x5dedc2d95950,52
485302574139,MEMORY,free_unknown,0,0x5dedc24f0b40,0
485302585030,MEMORY,alloc,40752,0x5dedc2d95990,40752
485302638241,MEMORY,alloc,57,0x5dedc2d9f8d0,57
485302638550,MEMORY,alloc,72,0x5dedc2d9f920,72
485302638790,MEMORY,alloc,57,0x5dedc2d9f970,57
485302642501,MEMORY,free_unknown,0,0x5dedc2d9f8d0,0
485302646960,MEMORY,alloc,37320,0x5dedc2d9f9c0,37320
485302684428,MEMORY,alloc,58,0x5dedc2d9f8d0,58
485302684814,MEMORY,alloc,72,0x5dedc2da8b90,72
485302685069,MEMORY,alloc,58,0x5dedc2da8be0,58
485302688709,MEMORY,free_unknown,0,0x5dedc2d9f8d0,0
485302846529,MEMORY,alloc,31312,0x5dedc2da8c30,31312
485302916508,MEMORY,alloc,47,0x5dedc24f0b40,47
485302916778,MEMORY,alloc,72,0x5dedc2d9f8d0,72
485302917168,MEMORY,alloc,47,0x5dedc2db0690,47
485302925677,MEMORY,free_unknown,0,0x5dedc24f0b40,0
485302936508,MEMORY,alloc,45720,0x5dedc2db06d0,45720
485302984698,MEMORY,alloc,58,0x5dedc2dbb970,58
485302984976,MEMORY,alloc,72,0x5dedc2dbb9c0,72
485302985194,MEMORY,alloc,58,0x5dedc2dbba10,58
485302989403,MEMORY,free_unknown,0,0x5dedc2dbb970,0
485302994204,MEMORY,alloc,45064,0x5dedc2dbba60,45064
485303058715,MEMORY,alloc,58,0x5dedc2dbb970,58
485303059247,MEMORY,alloc,72,0x5dedc2dc6a70,72
485303059508,MEMORY,alloc,58,0x5dedc2dc6ac0,58
485303062935,MEMORY,free_unknown,0,0x5dedc2dbb970,0
485303067351,MEMORY,alloc,5536,0x5dedc2dc6b10,5536
485303072580,MEMORY,alloc,57,0x5dedc2dbb970,57
485303072858,MEMORY,alloc,72,0x5dedc2dc80c0,72
485303073081,MEMORY,alloc,57,0x5dedc2dc8110,57
485303076406,MEMORY,free_unknown,0,0x5dedc2dbb970,0
485303081083,MEMORY,alloc,6200,0x5dedc2dc8160,6200
485303082333,MEMORY,alloc,57,0x5dedc2dbb970,57
485303082539,MEMORY,alloc,72,0x5dedc2dc99a0,72
485303082773,MEMORY,alloc,57,0x5dedc2dc99f0,57
485303086239,MEMORY,free_unknown,0,0x5dedc2dbb970,0
485303265263,MEMORY,alloc,6376,0x5dedc2dc9a40,6376
485303270474,MEMORY,alloc,57,0x5dedc2dbb970,57
485303270881,MEMORY,alloc,72,0x5dedc2dcb330,72
485303271155,MEMORY,alloc,57,0x5dedc2dcb380,57
485303275540,MEMORY,free_unknown,0,0x5dedc2dbb970,0
485303279988,MEMORY,alloc,4664,0x5dedc2dcb3d0,4664
485303281029,MEMORY,alloc,48,0x5dedc24f0b40,48
485303281203,MEMORY,alloc,72,0x5dedc2dbb970,72
485303281414,MEMORY,alloc,48,0x5dedc2dcc610,48
485303284838,MEMORY,free_unknown,0,0x5dedc24f0b40,0
485303289020,MEMORY,alloc,5088,0x5dedc2dcc650,5088
485303290366,MEMORY,alloc,48,0x5dedc24f0b40,48
485303290599,MEMORY,alloc,72,0x5dedc2dcda40,72
485303294952,MEMORY,alloc,48,0x5dedc2dcda90,48
485303298631,MEMORY,free_unknown,0,0x5dedc24f0b40,0
485303302831,MEMORY,alloc,5264,0x5dedc2dcdad0,5264
485303303814,MEMORY,alloc,48,0x5dedc24f0b40,48
485303304103,MEMORY,alloc,72,0x5dedc2dcef70,72
485303304355,MEMORY,alloc,48,0x5dedc2dcefc0,48
485303307217,MEMORY,free_unknown,0,0x5dedc24f0b40,0
485303311445,MEMORY,alloc,4576,0x5dedc2dcf000,4576
485303315893,MEMORY,alloc,50,0x5dedc24f0b40,50
485303316151,MEMORY,alloc,72,0x5dedc2dd01f0,72
485303316400,MEMORY,alloc,50,0x5dedc2dd0240,50
485303319035,MEMORY,free_unknown,0,0x5dedc24f0b40,0
485303576586,MEMORY,alloc,14040,0x5dedc2dd0280,14040
485303595021,MEMORY,alloc,51,0x5dedc24f0b40,51
485303595570,MEMORY,alloc,72,0x5dedc2dd3960,72
485303595798,MEMORY,alloc,51,0x5dedc2dd39b0,51
485303600657,MEMORY,free_unknown,0,0x5dedc24f0b40,0
485303621670,MEMORY,alloc,40752,0x5dedc2dd39f0,40752
485303663236,MEMORY,alloc,56,0x5dedc24f0b40,56
485303663603,MEMORY,alloc,72,0x5dedc2ddd930,72
485303663766,MEMORY,alloc,56,0x5dedc2ddd980,56
485303668527,MEMORY,free_unknown,0,0x5dedc24f0b40,0
485303673769,MEMORY,alloc,37320,0x5dedc2ddd9c0,37320
485303713837,MEMORY,alloc,57,0x5dedc2de6b90,57
485303714132,MEMORY,alloc,72,0x5dedc2de6be0,72
485303714315,MEMORY,alloc,57,0x5dedc2de6c30,57
485303717656,MEMORY,free_unknown,0,0x5dedc2de6b90,0
485303728789,MEMORY,alloc,31312,0x5dedc2de6c80,31312
485303804921,MEMORY,alloc,46,0x5dedc24f0b40,46
485303805103,MEMORY,alloc,72,0x5dedc2de6b90,72
485303805391,MEMORY,alloc,46,0x5dedc2dee6e0,46
485303810332,MEMORY,free_unknown,0,0x5dedc24f0b40,0
485303965789,MEMORY,alloc,45720,0x5dedc2dee720,45720
485304035896,MEMORY,alloc,57,0x5dedc2df99c0,57
485304036326,MEMORY,alloc,72,0x5dedc2df9a10,72
485304036459,MEMORY,alloc,57,0x5dedc2df9a60,57
485304041207,MEMORY,free_unknown,0,0x5dedc2df99c0,0
485304273578,MEMORY,alloc,45064,0x5dedc2df9ab0,45064
485304320299,MEMORY,alloc,57,0x5dedc2df99c0,57
485304320775,MEMORY,alloc,72,0x5dedc2e04ac0,72
485304321027,MEMORY,alloc,57,0x5dedc2e04b10,57
485304325849,MEMORY,free_unknown,0,0x5dedc2df99c0,0
485304330797,MEMORY,alloc,5536,0x5dedc2e04b60,5536
485304335870,MEMORY,alloc,56,0x5dedc24f0b40,56
485304336083,MEMORY,alloc,72,0x5dedc2df99c0,72
485304336326,MEMORY,alloc,56,0x5dedc2e06110,56
485304340835,MEMORY,free_unknown,0,0x5dedc24f0b40,0
485304345252,MEMORY,alloc,6200,0x5dedc2e06150,6200
485304346838,MEMORY,alloc,56,0x5dedc24f0b40,56
485304347109,MEMORY,alloc,72,0x5dedc2e07990,72
485304347343,MEMORY,alloc,56,0x5dedc2e079e0,56
485304351043,MEMORY,free_unknown,0,0x5dedc24f0b40,0
485304355484,MEMORY,alloc,6376,0x5dedc2e07a20,6376
485304360276,MEMORY,alloc,56,0x5dedc24f0b40,56
485304360547,MEMORY,alloc,72,0x5dedc2e09310,72
485304360744,MEMORY,alloc,56,0x5dedc2e09360,56
485304363880,MEMORY,free_unknown,0,0x5dedc24f0b40,0
485304375049,MEMORY,alloc,4664,0x5dedc2e093a0,4664
485304376211,MEMORY,alloc,47,0x5dedc24f0b40,47
485304376525,MEMORY,alloc,72,0x5dedc2e0a5e0,72
485304376702,MEMORY,alloc,47,0x5dedc2e0a630,47
485304380199,MEMORY,free_unknown,0,0x5dedc24f0b40,0
485304384775,MEMORY,alloc,5088,0x5dedc2e0a670,5088
485304386320,MEMORY,alloc,47,0x5dedc24f0b40,47
485304386546,MEMORY,alloc,72,0x5dedc2e0ba60,72
485304386751,MEMORY,alloc,47,0x5dedc2e0bab0,47
485304389783,MEMORY,free_unknown,0,0x5dedc24f0b40,0
485304483236,MEMORY,alloc,5264,0x5dedc2e0baf0,5264
485304484983,MEMORY,alloc,47,0x5dedc24f0b40,47
485304485404,MEMORY,alloc,72,0x5dedc2e0cf90,72
485304489259,MEMORY,alloc,47,0x5dedc2e0cfe0,47
485304493974,MEMORY,free_unknown,0,0x5dedc24f0b40,0
485304498733,MEMORY,alloc,4576,0x5dedc2e0d020,4576
485304499842,MEMORY,alloc,50,0x5dedc24f0b40,50
485304500149,MEMORY,alloc,72,0x5dedc2e0e210,72
485304500395,MEMORY,alloc,50,0x5dedc2e0e260,50
485304503759,MEMORY,free_unknown,0,0x5dedc24f0b40,0
485304508179,MEMORY,alloc,14040,0x5dedc2e0e2a0,14040
485304520103,MEMORY,alloc,51,0x5dedc24f0b40,51
485304520414,MEMORY,alloc,72,0x5dedc2e11980,72
485304520597,MEMORY,alloc,51,0x5dedc2e119d0,51
485304523945,MEMORY,free_unknown,0,0x5dedc24f0b40,0
485304904600,MEMORY,alloc,40752,0x5dedc2e11a10,40752
485305027123,MEMORY,alloc,56,0x5dedc24f0b40,56
485305027903,MEMORY,alloc,72,0x5dedc2e1b950,72
485305028261,MEMORY,alloc,56,0x5dedc2e1b9a0,56
485305039302,MEMORY,free_unknown,0,0x5dedc24f0b40,0
485305043283,MEMORY,alloc,37320,0x5dedc2e1b9e0,37320
485305086020,MEMORY,alloc,57,0x5dedc2e24bb0,57
485305086215,MEMORY,alloc,72,0x5dedc2e24c00,72
485305086407,MEMORY,alloc,57,0x5dedc2e24c50,57
485305089923,MEMORY,free_unknown,0,0x5dedc2e24bb0,0
485305098973,MEMORY,alloc,31312,0x5dedc2e24ca0,31312
485305125791,MEMORY,alloc,46,0x5dedc24f0b40,46
485305125988,MEMORY,alloc,72,0x5dedc2e24bb0,72
485305126214,MEMORY,alloc,46,0x5dedc2e2c700,46
485305130206,MEMORY,free_unknown,0,0x5dedc24f0b40,0
485305181859,MEMORY,alloc,45720,0x5dedc2e2c740,45720
485305226648,MEMORY,alloc,57,0x5dedc2e379e0,57
485305226805,MEMORY,alloc,72,0x5dedc2e37a30,72
485305226934,MEMORY,alloc,57,0x5dedc2e37a80,57
485305230573,MEMORY,free_unknown,0,0x5dedc2e379e0,0
485305434342,MEMORY,alloc,45064,0x5dedc2e37ad0,45064
485305478090,MEMORY,alloc,57,0x5dedc2e379e0,57
485305478578,MEMORY,alloc,72,0x5dedc2e42ae0,72
485305478775,MEMORY,alloc,57,0x5dedc2e42b30,57
485305483766,MEMORY,free_unknown,0,0x5dedc2e379e0,0
485305487799,MEMORY,alloc,5536,0x5dedc2e42b80,5536
485305491840,MEMORY,alloc,56,0x5dedc24f0b40,56
485305491983,MEMORY,alloc,72,0x5dedc2e379e0,72
485305492110,MEMORY,alloc,56,0x5dedc2e44130,56
485305495868,MEMORY,free_unknown,0,0x5dedc24f0b40,0
485305501715,MEMORY,alloc,6200,0x5dedc2e44170,6200
485305517939,MEMORY,alloc,56,0x5dedc24f0b40,56
485305518104,MEMORY,alloc,72,0x5dedc2e459b0,72
485305518226,MEMORY,alloc,56,0x5dedc2e45a00,56
485305525017,MEMORY,free_unknown,0,0x5dedc24f0b40,0
485305530499,MEMORY,alloc,6376,0x5dedc2e45a40,6376
485305541786,MEMORY,alloc,56,0x5dedc24f0b40,56
485305541915,MEMORY,alloc,72,0x5dedc2e47330,72
485305542037,MEMORY,alloc,56,0x5dedc2e47380,56
485305552710,MEMORY,free_unknown,0,0x5dedc24f0b40,0
485305557028,MEMORY,alloc,4664,0x5dedc2e473c0,4664
485305558161,MEMORY,alloc,47,0x5dedc24f0b40,47
485305558426,MEMORY,alloc,72,0x5dedc2e48600,72
485305558630,MEMORY,alloc,47,0x5dedc2e48650,47
485305562913,MEMORY,free_unknown,0,0x5dedc24f0b40,0
485305567317,MEMORY,alloc,5088,0x5dedc2e48690,5088
485305568494,MEMORY,alloc,47,0x5dedc24f0b40,47
485305568723,MEMORY,alloc,72,0x5dedc2e49a80,72
485305568928,MEMORY,alloc,47,0x5dedc2e49ad0,47
485305572851,MEMORY,free_unknown,0,0x5dedc24f0b40,0
485305584646,MEMORY,alloc,5264,0x5dedc2e49b10,5264
485305585730,MEMORY,alloc,47,0x5dedc24f0b40,47
485305585920,MEMORY,alloc,72,0x5dedc2e4afb0,72
485305595976,MEMORY,alloc,47,0x5dedc2e4b000,47
485305599025,MEMORY,free_unknown,0,0x5dedc24f0b40,0
485305790242,MEMORY,alloc,4576,0x5dedc2e4b040,4576
485305792477,MEMORY,alloc,50,0x5dedc24f0b40,50
485305792849,MEMORY,alloc,72,0x5dedc2e4c230,72
485305792994,MEMORY,alloc,50,0x5dedc2e4c280,50
485305798672,MEMORY,free_unknown,0,0x5dedc24f0b40,0
485305803988,MEMORY,alloc,14040,0x5dedc2e4c2c0,14040
485305814276,MEMORY,alloc,51,0x5dedc24f0b40,51
485305814448,MEMORY,alloc,72,0x5dedc2e4f9a0,72
485305814600,MEMORY,alloc,51,0x5dedc2e4f9f0,51
485305817291,MEMORY,free_unknown,0,0x5dedc24f0b40,0
485305820444,MEMORY,alloc,40752,0x5dedc2e4fa30,40752
485305918737,MEMORY,alloc,56,0x5dedc24f0b40,56
485305918884,MEMORY,alloc,72,0x5dedc2e59970,72
485305919037,MEMORY,alloc,56,0x5dedc2e599c0,56
485305924863,MEMORY,free_unknown,0,0x5dedc24f0b40,0
485306037830,MEMORY,alloc,37320,0x5dedc2e59a00,37320
485306128190,MEMORY,alloc,57,0x5dedc2e62bd0,57
485306128380,MEMORY,alloc,72,0x5dedc2e62c20,72
485306128565,MEMORY,alloc,57,0x5dedc2e62c70,57
485306132638,MEMORY,free_unknown,0,0x5dedc2e62bd0,0
485306465765,MEMORY,alloc,31312,0x5dedc2e62cc0,31312
485306492269,MEMORY,alloc,46,0x5dedc24f0b40,46
485306492449,MEMORY,alloc,72,0x5dedc2e62bd0,72
485306492706,MEMORY,alloc,46,0x5dedc2e6a720,46
485306496377,MEMORY,free_unknown,0,0x5dedc24f0b40,0
485306504713,MEMORY,alloc,45720,0x5dedc2e6a760,45720
485306539346,MEMORY,alloc,57,0x5dedc2e75a00,57
485306539538,MEMORY,alloc,72,0x5dedc2e75a50,72
485306539653,MEMORY,alloc,57,0x5dedc2e75aa0,57
485306541729,MEMORY,free_unknown,0,0x5dedc2e75a00,0
485306551389,MEMORY,alloc,45064,0x5dedc2e75af0,45064
485306633381,MEMORY,alloc,57,0x5dedc2e75a00,57
485306633675,MEMORY,alloc,72,0x5dedc2e80b00,72
485306633884,MEMORY,alloc,57,0x5dedc2e80b50,57
485306641675,MEMORY,free_unknown,0,0x5dedc2e75a00,0
485306646708,MEMORY,alloc,5536,0x5dedc2e80ba0,5536
485306650847,MEMORY,alloc,56,0x5dedc24f0b40,56
485306650993,MEMORY,alloc,72,0x5dedc2e75a00,72
485306651118,MEMORY,alloc,56,0x5dedc2e82150,56
485306654032,MEMORY,free_unknown,0,0x5dedc24f0b40,0
485306657143,MEMORY,alloc,6200,0x5dedc2e82190,6200
485306658386,MEMORY,alloc,56,0x5dedc24f0b40,56
485306658514,MEMORY,alloc,72,0x5dedc2e839d0,72
485306658638,MEMORY,alloc,56,0x5dedc2e83a20,56
485306661036,MEMORY,free_unknown,0,0x5dedc24f0b40,0
485306664087,MEMORY,alloc,6376,0x5dedc2e83a60,6376
485306667750,MEMORY,alloc,56,0x5dedc24f0b40,56
485306667879,MEMORY,alloc,72,0x5dedc2e85350,72
485306668004,MEMORY,alloc,56,0x5dedc2e853a0,56
485306671118,MEMORY,free_unknown,0,0x5dedc24f0b40,0
485306674152,MEMORY,alloc,4664,0x5dedc2e853e0,4664
485306675209,MEMORY,alloc,47,0x5dedc24f0b40,47
485306675333,MEMORY,alloc,72,0x5dedc2e86620,72
485306675455,MEMORY,alloc,47,0x5dedc2e86670,47
485306677410,MEMORY,free_unknown,0,0x5dedc24f0b40,0
485306680485,MEMORY,alloc,5088,0x5dedc2e866b0,5088
485306681403,MEMORY,alloc,47,0x5dedc24f0b40,47
485306681534,MEMORY,alloc,72,0x5dedc2e87aa0,72
485306681660,MEMORY,alloc,47,0x5dedc2e87af0,47
485306683685,MEMORY,free_unknown,0,0x5dedc24f0b40,0
485306686563,MEMORY,alloc,5264,0x5dedc2e87b30,5264
485306687770,MEMORY,alloc,47,0x5dedc24f0b40,47
485306690380,MEMORY,alloc,72,0x5dedc2e88fd0,72
485306690542,MEMORY,alloc,47,0x5dedc2e89020,47
485306692543,MEMORY,free_unknown,0,0x5dedc24f0b40,0
485306695357,MEMORY,alloc,4576,0x5dedc2e89060,4576
485306696280,MEMORY,alloc,50,0x5dedc24f0b40,50
485306696405,MEMORY,alloc,72,0x5dedc2e8a250,72
485306696528,MEMORY,alloc,50,0x5dedc2e8a2a0,50
485306698670,MEMORY,free_unknown,0,0x5dedc24f0b40,0
485306979975,MEMORY,alloc,14040,0x5dedc2e8a2e0,14040
485306992247,MEMORY,alloc,51,0x5dedc24f0b40,51
485306992701,MEMORY,alloc,72,0x5dedc2e8d9c0,72
485306992910,MEMORY,alloc,51,0x5dedc2e8da10,51
485306996879,MEMORY,free_unknown,0,0x5dedc24f0b40,0
485307017112,MEMORY,alloc,40752,0x5dedc2e8da50,40752
485307049206,MEMORY,alloc,56,0x5dedc24f0b40,56
485307049559,MEMORY,alloc,72,0x5dedc2e97990,72
485307049681,MEMORY,alloc,56,0x5dedc2e979e0,56
485307053140,MEMORY,free_unknown,0,0x5dedc24f0b40,0
485307225287,MEMORY,alloc,29384,0x5dedc2e97a20,29384
485307248027,MEMORY,alloc,57,0x5dedc2e9ecf0,57
485307248198,MEMORY,alloc,72,0x5dedc2e9ed40,72
485307248396,MEMORY,alloc,57,0x5dedc2e9ed90,57
485307253061,MEMORY,free_unknown,0,0x5dedc2e9ecf0,0
485307318709,MEMORY,alloc,31312,0x5dedc2e9ede0,31312
485307351392,MEMORY,alloc,46,0x5dedc24f0b40,46
485307351635,MEMORY,alloc,72,0x5dedc2e9ecf0,72
485307351855,MEMORY,alloc,46,0x5dedc2ea6840,46
485307355260,MEMORY,free_unknown,0,0x5dedc24f0b40,0
485307746354,MEMORY,alloc,45720,0x5dedc2ea6880,45720
485307867069,MEMORY,alloc,57,0x5dedc2eb1b20,57
485307867514,MEMORY,alloc,72,0x5dedc2eb1b70,72
485307867807,MEMORY,alloc,57,0x5dedc2eb1bc0,57
485307873455,MEMORY,free_unknown,0,0x5dedc2eb1b20,0
485307886129,MEMORY,alloc,45064,0x5dedc2eb1c10,45064
485307935802,MEMORY,alloc,57,0x5dedc2eb1b20,57
485307936171,MEMORY,alloc,72,0x5dedc2ebcc20,72
485307936456,MEMORY,alloc,57,0x5dedc2ebcc70,57
485307953124,MEMORY,free_unknown,0,0x5dedc2eb1b20,0
485307958866,MEMORY,alloc,5536,0x5dedc2ebccc0,5536
485307963815,MEMORY,alloc,56,0x5dedc24f0b40,56
485307964029,MEMORY,alloc,72,0x5dedc2eb1b20,72
485307964217,MEMORY,alloc,56,0x5dedc2ebe270,56
485307967799,MEMORY,free_unknown,0,0x5dedc24f0b40,0
485307972779,MEMORY,alloc,6200,0x5dedc2ebe2b0,6200
485307974092,MEMORY,alloc,56,0x5dedc24f0b40,56
485307974372,MEMORY,alloc,72,0x5dedc2ebfaf0,72
485307974564,MEMORY,alloc,56,0x5dedc2ebfb40,56
485307977723,MEMORY,free_unknown,0,0x5dedc24f0b40,0
485307982410,MEMORY,alloc,6376,0x5dedc2ebfb80,6376
485307987025,MEMORY,alloc,56,0x5dedc24f0b40,56
485307987310,MEMORY,alloc,72,0x5dedc2ec1470,72
485307987486,MEMORY,alloc,56,0x5dedc2ec14c0,56
485307990623,MEMORY,free_unknown,0,0x5dedc24f0b40,0
485307994937,MEMORY,alloc,4664,0x5dedc2ec1500,4664
485307995939,MEMORY,alloc,47,0x5dedc24f0b40,47
485307996195,MEMORY,alloc,72,0x5dedc2ec2740,72
485307996362,MEMORY,alloc,47,0x5dedc2ec2790,47
485308015119,MEMORY,free_unknown,0,0x5dedc24f0b40,0
485308020202,MEMORY,alloc,5088,0x5dedc2ec27d0,5088
485308021250,MEMORY,alloc,47,0x5dedc24f0b40,47
485308021455,MEMORY,alloc,72,0x5dedc2ec3bc0,72
485308021604,MEMORY,alloc,47,0x5dedc2ec3c10,47
485308024555,MEMORY,free_unknown,0,0x5dedc24f0b40,0
485308028974,MEMORY,alloc,5264,0x5dedc2ec3c50,5264
485308033798,MEMORY,alloc,47,0x5dedc24f0b40,47
485308034031,MEMORY,alloc,72,0x5dedc2ec50f0,72
485308034283,MEMORY,alloc,47,0x5dedc2ec5140,47
485308037197,MEMORY,free_unknown,0,0x5dedc24f0b40,0
485308041316,MEMORY,alloc,5096,0x5dedc2ec5180,5096
485308042477,MEMORY,alloc,51,0x5dedc24f0b40,51
485308042731,MEMORY,alloc,72,0x5dedc2ec6570,72
485308042930,MEMORY,alloc,51,0x5dedc2ec65c0,51
485308045888,MEMORY,free_unknown,0,0x5dedc24f0b40,0
485308050506,MEMORY,alloc,5032,0x5dedc2ec6600,5032
485308051673,MEMORY,alloc,51,0x5dedc24f0b40,51
485308051985,MEMORY,alloc,72,0x5dedc2ec79b0,72
485308052185,MEMORY,alloc,51,0x5dedc2ec7a00,51
485308054966,MEMORY,free_unknown,0,0x5dedc24f0b40,0
485308058978,MEMORY,alloc,5096,0x5dedc2ec7a40,5096
485308060128,MEMORY,alloc,51,0x5dedc24f0b40,51
485308060384,MEMORY,alloc,72,0x5dedc2ec8e30,72
485308060596,MEMORY,alloc,51,0x5dedc2ec8e80,51
485308064346,MEMORY,free_unknown,0,0x5dedc24f0b40,0
485308069016,MEMORY,alloc,5032,0x5dedc2ec8ec0,5032
485308074336,MEMORY,alloc,51,0x5dedc24f0b40,51
485308074631,MEMORY,alloc,72,0x5dedc2eca270,72
485308074825,MEMORY,alloc,51,0x5dedc2eca2c0,51
485308078977,MEMORY,free_unknown,0,0x5dedc24f0b40,0
485308137041,MEMORY,alloc,15176,0x5dedc2eca300,15176
485308168591,MEMORY,alloc,52,0x5dedc24f0b40,52
485308168899,MEMORY,alloc,72,0x5dedc2ecde50,72
485308169046,MEMORY,alloc,52,0x5dedc2ecdea0,52
485308177803,MEMORY,free_unknown,0,0x5dedc24f0b40,0
485308189325,MEMORY,alloc,15112,0x5dedc2ecdee0,15112
485308214255,MEMORY,alloc,52,0x5dedc24f0b40,52
485308214570,MEMORY,alloc,72,0x5dedc2ed19f0,72
485308214829,MEMORY,alloc,52,0x5dedc2ed1a40,52
485308219012,MEMORY,free_unknown,0,0x5dedc24f0b40,0
485308361186,MEMORY,alloc,15176,0x5dedc2ed1a80,15176
485308376945,MEMORY,alloc,52,0x5dedc24f0b40,52
485308377529,MEMORY,alloc,72,0x5dedc2ed55d0,72
485308377844,MEMORY,alloc,52,0x5dedc2ed5620,52
485308382254,MEMORY,free_unknown,0,0x5dedc24f0b40,0
485308387063,MEMORY,alloc,15112,0x5dedc2ed5660,15112
485308401869,MEMORY,alloc,52,0x5dedc24f0b40,52
485308402185,MEMORY,alloc,72,0x5dedc2ed9170,72
485308402399,MEMORY,alloc,52,0x5dedc2ed91c0,52
485308405501,MEMORY,free_unknown,0,0x5dedc24f0b40,0
485308416490,MEMORY,alloc,44800,0x5dedc2ed9200,44800
485308464749,MEMORY,alloc,57,0x5dedc2ee4110,57
485308465029,MEMORY,alloc,72,0x5dedc2ee4160,72
485308465296,MEMORY,alloc,57,0x5dedc2ee41b0,57
485308468710,MEMORY,free_unknown,0,0x5dedc2ee4110,0
485308544464,MEMORY,alloc,44224,0x5dedc2ee4200,44224
485308589868,MEMORY,alloc,57,0x5dedc2ee4110,57
485308590207,MEMORY,alloc,72,0x5dedc2eeeed0,72
485308590418,MEMORY,alloc,57,0x5dedc2eeef20,57
485308594754,MEMORY,free_unknown,0,0x5dedc2ee4110,0
485308729641,MEMORY,alloc,44736,0x5dedc2eeef70,44736
485308779797,MEMORY,alloc,57,0x5dedc2ee4110,57
485308780408,MEMORY,alloc,72,0x5dedc2ef9e40,72
485308780719,MEMORY,alloc,57,0x5dedc2ef9e90,57
485308786049,MEMORY,free_unknown,0,0x5dedc2ee4110,0
485308796886,MEMORY,alloc,44224,0x5dedc2ef9ee0,44224
485309191358,MEMORY,alloc,57,0x5dedc2ee4110,57
485309192090,MEMORY,alloc,72,0x5dedc2f04bb0,72
485309192352,MEMORY,alloc,57,0x5dedc2f04c00,57
485309204586,MEMORY,free_unknown,0,0x5dedc2ee4110,0
485309215571,MEMORY,alloc,32224,0x5dedc2f04c50,32224
485309252638,MEMORY,alloc,58,0x5dedc2ee4110,58
485309252972,MEMORY,alloc,72,0x5dedc2f0ca40,72
485309253200,MEMORY,alloc,58,0x5dedc2f0ca90,58
485309269343,MEMORY,free_unknown,0,0x5dedc2ee4110,0
485309275195,MEMORY,alloc,30432,0x5dedc2f0cae0,30432
485309308759,MEMORY,alloc,58,0x5dedc2ee4110,58
485309309120,MEMORY,alloc,72,0x5dedc2f141d0,72
485309309347,MEMORY,alloc,58,0x5dedc2f14220,58
485309313393,MEMORY,free_unknown,0,0x5dedc2ee4110,0
485309482326,MEMORY,alloc,30560,0x5dedc2f14270,30560
485309515323,MEMORY,alloc,58,0x5dedc2ee4110,58
485309516036,MEMORY,alloc,72,0x5dedc2f1b9e0,72
485309516287,MEMORY,alloc,58,0x5dedc2f1ba30,58
485309522510,MEMORY,free_unknown,0,0x5dedc2ee4110,0
485309538341,MEMORY,alloc,30432,0x5dedc2f1ba80,30432
485309643013,MEMORY,alloc,58,0x5dedc2ee4110,58
485309643630,MEMORY,alloc,72,0x5dedc2f23170,72
485309643774,MEMORY,alloc,58,0x5dedc2f231c0,58
485309650096,MEMORY,free_unknown,0,0x5dedc2ee4110,0
485309655069,MEMORY,alloc,34696,0x5dedc2f23210,34696
485309689602,MEMORY,alloc,47,0x5dedc24f0b40,47
485309689847,MEMORY,alloc,72,0x5dedc2ee4110,72
485309690179,MEMORY,alloc,47,0x5dedc2f2b9a0,47
485309695051,MEMORY,free_unknown,0,0x5dedc24f0b40,0
485309718476,MEMORY,alloc,34248,0x5dedc2f2b9e0,34248
485309753446,MEMORY,alloc,47,0x5dedc24f0b40,47
485309753982,MEMORY,alloc,72,0x5dedc2f33fb0,72
485309757648,MEMORY,alloc,47,0x5dedc2f34000,47
485309762577,MEMORY,free_unknown,0,0x5dedc24f0b40,0
485309956155,MEMORY,alloc,34696,0x5dedc2f34040,34696
485309992251,MEMORY,alloc,47,0x5dedc24f0b40,47
485309992587,MEMORY,alloc,72,0x5dedc2f3c7d0,72
485309992843,MEMORY,alloc,47,0x5dedc2f3c820,47
485309997826,MEMORY,free_unknown,0,0x5dedc24f0b40,0
485310046224,MEMORY,alloc,34248,0x5dedc2f3c860,34248
485310080640,MEMORY,alloc,47,0x5dedc24f0b40,47
485310081119,MEMORY,alloc,72,0x5dedc2f44e30,72
485310081375,MEMORY,alloc,47,0x5dedc2f44e80,47
485310087838,MEMORY,free_unknown,0,0x5dedc24f0b40,0
485310098437,MEMORY,alloc,49288,0x5dedc2f44ec0,49288
485310152022,MEMORY,alloc,58,0x5dedc2f50f50,58
485310152303,MEMORY,alloc,72,0x5dedc2f50fa0,72
485310156471,MEMORY,alloc,58,0x5dedc2f50ff0,58
485310160298,MEMORY,free_unknown,0,0x5dedc2f50f50,0
485310168381,MEMORY,alloc,49032,0x5dedc2f51040,49032
485310228333,MEMORY,alloc,58,0x5dedc2f50f50,58
485310386490,MEMORY,alloc,72,0x5dedc2f5cfd0,72
485310387908,MEMORY,alloc,58,0x5dedc2f5d020,58
485310392291,MEMORY,free_unknown,0,0x5dedc2f50f50,0
485310626796,MEMORY,alloc,49096,0x5dedc2f5d070,49096
485310693308,MEMORY,alloc,58,0x5dedc2f50f50,58
485310693718,MEMORY,alloc,72,0x5dedc2f69040,72
485310693979,MEMORY,alloc,58,0x5dedc2f69090,58
485310699014,MEMORY,free_unknown,0,0x5dedc2f50f50,0
485310711700,MEMORY,alloc,49032,0x5dedc2f690e0,49032
485310874308,MEMORY,alloc,58,0x5dedc2f50f50,58
485310875064,MEMORY,alloc,72,0x5dedc2f75070,72
485310875267,MEMORY,alloc,58,0x5dedc2f750c0,58
485310879592,MEMORY,free_unknown,0,0x5dedc2f50f50,0
485311124672,MEMORY,alloc,48256,0x5dedc2f75110,48256
485311234631,MEMORY,alloc,58,0x5dedc2f50f50,58
485311235178,MEMORY,alloc,72,0x5dedc2f80da0,72
485311235441,MEMORY,alloc,58,0x5dedc2f80df0,58
485311241030,MEMORY,free_unknown,0,0x5dedc2f50f50,0
485311251632,MEMORY,alloc,47872,0x5dedc2f80e40,47872
485311316598,MEMORY,alloc,58,0x5dedc2f50f50,58
485311317095,MEMORY,alloc,72,0x5dedc2f8c950,72
485311317338,MEMORY,alloc,58,0x5dedc2f8c9a0,58
485311322269,MEMORY,free_unknown,0,0x5dedc2f50f50,0
485311372371,MEMORY,alloc,48064,0x5dedc2f8c9f0,48064
485311448133,MEMORY,alloc,58,0x5dedc2f50f50,58
485311448667,MEMORY,alloc,72,0x5dedc2f985c0,72
485311448809,MEMORY,alloc,58,0x5dedc2f98610,58
485311453394,MEMORY,free_unknown,0,0x5dedc2f50f50,0
485311578272,MEMORY,alloc,47872,0x5dedc2f98660,47872
485311632118,MEMORY,alloc,58,0x5dedc2f50f50,58
485311632708,MEMORY,alloc,72,0x5dedc2fa4170,72
485311632989,MEMORY,alloc,58,0x5dedc2fa41c0,58
485311637064,MEMORY,free_unknown,0,0x5dedc2f50f50,0
485311641917,MEMORY,alloc,6128,0x5dedc2fa4210,6128
485311643315,MEMORY,alloc,57,0x5dedc2f50f50,57
485311643580,MEMORY,alloc,72,0x5dedc2fa5a10,72
485311643789,MEMORY,alloc,57,0x5dedc2fa5a60,57
485311646800,MEMORY,free_unknown,0,0x5dedc2f50f50,0
485311654145,MEMORY,alloc,6064,0x5dedc2fa5ab0,6064
485311668049,MEMORY,alloc,57,0x5dedc2f50f50,57
485311668355,MEMORY,alloc,72,0x5dedc2fa7270,72
485311668544,MEMORY,alloc,57,0x5dedc2fa72c0,57
485311674005,MEMORY,free_unknown,0,0x5dedc2f50f50,0
485311683734,MEMORY,alloc,6128,0x5dedc2fa7310,6128
485311688554,MEMORY,alloc,57,0x5dedc2f50f50,57
485311688841,MEMORY,alloc,72,0x5dedc2fa8b10,72
485311689083,MEMORY,alloc,57,0x5dedc2fa8b60,57
485311692296,MEMORY,free_unknown,0,0x5dedc2f50f50,0
485311699541,MEMORY,alloc,6064,0x5dedc2fa8bb0,6064
485311706675,MEMORY,alloc,57,0x5dedc2f50f50,57
485311706937,MEMORY,alloc,72,0x5dedc2faa370,72
485311707164,MEMORY,alloc,57,0x5dedc2faa3c0,57
485311709840,MEMORY,free_unknown,0,0x5dedc2f50f50,0
485311728782,MEMORY,alloc,6728,0x5dedc2faa410,6728
485311730253,MEMORY,alloc,57,0x5dedc2f50f50,57
485311730528,MEMORY,alloc,72,0x5dedc2fabe60,72
485311730719,MEMORY,alloc,57,0x5dedc2fabeb0,57
485311733628,MEMORY,free_unknown,0,0x5dedc2f50f50,0
485311742034,MEMORY,alloc,6664,0x5dedc2fabf00,6664
485311746694,MEMORY,alloc,57,0x5dedc2f50f50,57
485311746987,MEMORY,alloc,72,0x5dedc2fad910,72
485311747186,MEMORY,alloc,57,0x5dedc2fad960,57
485311750993,MEMORY,free_unknown,0,0x5dedc2f50f50,0
485311821676,MEMORY,alloc,6728,0x5dedc2fad9b0,6728
485311826688,MEMORY,alloc,57,0x5dedc2f50f50,57
485311827054,MEMORY,alloc,72,0x5dedc2faf400,72
485311827242,MEMORY,alloc,57,0x5dedc2faf450,57
485311832483,MEMORY,free_unknown,0,0x5dedc2f50f50,0
485311837228,MEMORY,alloc,6664,0x5dedc2faf4a0,6664
485311838703,MEMORY,alloc,57,0x5dedc2f50f50,57
485311838956,MEMORY,alloc,72,0x5dedc2fb0eb0,72
485311839140,MEMORY,alloc,57,0x5dedc2fb0f00,57
485311841731,MEMORY,free_unknown,0,0x5dedc2f50f50,0
485311846081,MEMORY,alloc,6904,0x5dedc2fb0f50,6904
485311850483,MEMORY,alloc,57,0x5dedc2f50f50,57
485311850816,MEMORY,alloc,72,0x5dedc2fb2a50,72
485311850949,MEMORY,alloc,57,0x5dedc2fb2aa0,57
485311854484,MEMORY,free_unknown,0,0x5dedc2f50f50,0
485311858931,MEMORY,alloc,6904,0x5dedc2fb2af0,6904
485311863584,MEMORY,alloc,57,0x5dedc2f50f50,57
485311863869,MEMORY,alloc,72,0x5dedc2fb45f0,72
485311864077,MEMORY,alloc,57,0x5dedc2fb4640,57
485311866845,MEMORY,free_unknown,0,0x5dedc2f50f50,0
485311871212,MEMORY,alloc,6904,0x5dedc2fb4690,6904
485311875770,MEMORY,alloc,57,0x5dedc2f50f50,57
485311876002,MEMORY,alloc,72,0x5dedc2fb6190,72
485311876153,MEMORY,alloc,57,0x5dedc2fb61e0,57
485311878741,MEMORY,free_unknown,0,0x5dedc2f50f50,0
485311883118,MEMORY,alloc,6904,0x5dedc2fb6230,6904
485311884465,MEMORY,alloc,57,0x5dedc2f50f50,57
485311884685,MEMORY,alloc,72,0x5dedc2fb7d30,72
485311884855,MEMORY,alloc,57,0x5dedc2fb7d80,57
485311887960,MEMORY,free_unknown,0,0x5dedc2f50f50,0
485311892649,MEMORY,alloc,5128,0x5dedc2fb7dd0,5128
485311897454,MEMORY,alloc,48,0x5dedc24f0b40,48
485311897665,MEMORY,alloc,72,0x5dedc2f50f50,72
485311897896,MEMORY,alloc,48,0x5dedc2fb91e0,48
485311910808,MEMORY,free_unknown,0,0x5dedc24f0b40,0
485311915795,MEMORY,alloc,5128,0x5dedc2fb9220,5128
485311917035,MEMORY,alloc,48,0x5dedc24f0b40,48
485311917307,MEMORY,alloc,72,0x5dedc2fba630,72
485311917554,MEMORY,alloc,48,0x5dedc2fba680,48
485311921790,MEMORY,free_unknown,0,0x5dedc24f0b40,0
485311926148,MEMORY,alloc,5128,0x5dedc2fba6c0,5128
485311927409,MEMORY,alloc,48,0x5dedc24f0b40,48
485311927667,MEMORY,alloc,72,0x5dedc2fbbad0,72
485311927905,MEMORY,alloc,48,0x5dedc2fbbb20,48
485311931135,MEMORY,free_unknown,0,0x5dedc24f0b40,0
485311935534,MEMORY,alloc,5128,0x5dedc2fbbb60,5128
485311936607,MEMORY,alloc,48,0x5dedc24f0b40,48
485311936884,MEMORY,alloc,72,0x5dedc2fbcf70,72
485311937075,MEMORY,alloc,48,0x5dedc2fbcfc0,48
485311939957,MEMORY,free_unknown,0,0x5dedc24f0b40,0
485312110424,MEMORY,alloc,5552,0x5dedc2fbd000,5552
485312115282,MEMORY,alloc,48,0x5dedc24f0b40,48
485312115559,MEMORY,alloc,72,0x5dedc2fbe5c0,72
485312115726,MEMORY,alloc,48,0x5dedc2fbe610,48
485312120945,MEMORY,free_unknown,0,0x5dedc24f0b40,0
485312125907,MEMORY,alloc,5552,0x5dedc2fbe650,5552
485312127091,MEMORY,alloc,48,0x5dedc24f0b40,48
485312127413,MEMORY,alloc,72,0x5dedc2fbfc10,72
485312127651,MEMORY,alloc,48,0x5dedc2fbfc60,48
485312131868,MEMORY,free_unknown,0,0x5dedc24f0b40,0
485312220884,MEMORY,alloc,5552,0x5dedc2fbfca0,5552
485312225565,MEMORY,alloc,48,0x5dedc24f0b40,48
485312225921,MEMORY,alloc,72,0x5dedc2fc1260,72
485312226126,MEMORY,alloc,48,0x5dedc2fc12b0,48
485312230283,MEMORY,free_unknown,0,0x5dedc24f0b40,0
485312235102,MEMORY,alloc,5552,0x5dedc2fc12f0,5552
485312236362,MEMORY,alloc,48,0x5dedc24f0b40,48
485312236626,MEMORY,alloc,72,0x5dedc2fc28b0,72
485312236848,MEMORY,alloc,48,0x5dedc2fc2900,48
485312240289,MEMORY,free_unknown,0,0x5dedc24f0b40,0
485312244334,MEMORY,alloc,5728,0x5dedc2fc2940,5728
485312245514,MEMORY,alloc,48,0x5dedc24f0b40,48
485312245771,MEMORY,alloc,72,0x5dedc2fc3fb0,72
485312249459,MEMORY,alloc,48,0x5dedc2fc4000,48
485312252462,MEMORY,free_unknown,0,0x5dedc24f0b40,0
485312397716,MEMORY,alloc,5728,0x5dedc2fc4040,5728
485312400396,MEMORY,alloc,48,0x5dedc24f0b40,48
485312400914,MEMORY,alloc,72,0x5dedc2fc56b0,72
485312401197,MEMORY,alloc,48,0x5dedc2fc5700,48
485312405768,MEMORY,free_unknown,0,0x5dedc24f0b40,0
485312410563,MEMORY,alloc,5728,0x5dedc2fc5740,5728
485312411796,MEMORY,alloc,48,0x5dedc24f0b40,48
485312411979,MEMORY,alloc,72,0x5dedc2fc6db0,72
485312412216,MEMORY,alloc,48,0x5dedc2fc6e00,48
485312415144,MEMORY,free_unknown,0,0x5dedc24f0b40,0
485312419670,MEMORY,alloc,5728,0x5dedc2fc6e40,5728
485312423774,MEMORY,alloc,48,0x5dedc24f0b40,48
485312424007,MEMORY,alloc,72,0x5dedc2fc84b0,72
485312424183,MEMORY,alloc,48,0x5dedc2fc8500,48
485312427701,MEMORY,free_unknown,0,0x5dedc24f0b40,0
485312432585,MEMORY,alloc,5096,0x5dedc2fc8540,5096
485312433651,MEMORY,alloc,51,0x5dedc24f0b40,51
485312433912,MEMORY,alloc,72,0x5dedc2fc9930,72
485312434162,MEMORY,alloc,51,0x5dedc2fc9980,51
485312437893,MEMORY,free_unknown,0,0x5dedc24f0b40,0
485312441922,MEMORY,alloc,5096,0x5dedc2fc99c0,5096
485312442938,MEMORY,alloc,51,0x5dedc24f0b40,51
485312443124,MEMORY,alloc,72,0x5dedc2fcadb0,72
485312443301,MEMORY,alloc,51,0x5dedc2fcae00,51
485312446237,MEMORY,free_unknown,0,0x5dedc24f0b40,0
485312450707,MEMORY,alloc,5032,0x5dedc2fcae40,5032
485312455479,MEMORY,alloc,51,0x5dedc24f0b40,51
485312455709,MEMORY,alloc,72,0x5dedc2fcc1f0,72
485312455959,MEMORY,alloc,51,0x5dedc2fcc240,51
485312458783,MEMORY,free_unknown,0,0x5dedc24f0b40,0
485312463229,MEMORY,alloc,5032,0x5dedc2fcc280,5032
485312464241,MEMORY,alloc,51,0x5dedc24f0b40,51
485312464467,MEMORY,alloc,72,0x5dedc2fcd630,72
485312464704,MEMORY,alloc,51,0x5dedc2fcd680,51
485312468182,MEMORY,free_unknown,0,0x5dedc24f0b40,0
485312477974,MEMORY,alloc,5032,0x5dedc2fcd6c0,5032
485312479294,MEMORY,alloc,51,0x5dedc24f0b40,51
485312479519,MEMORY,alloc,72,0x5dedc2fcea70,72
485312479721,MEMORY,alloc,51,0x5dedc2fceac0,51
485312484280,MEMORY,free_unknown,0,0x5dedc24f0b40,0
485312488588,MEMORY,alloc,5032,0x5dedc2fceb00,5032
485312489665,MEMORY,alloc,51,0x5dedc24f0b40,51
485312489897,MEMORY,alloc,72,0x5dedc2fcfeb0,72
485312490084,MEMORY,alloc,51,0x5dedc2fcff00,51
485312493828,MEMORY,free_unknown,0,0x5dedc24f0b40,0
485312498083,MEMORY,alloc,5032,0x5dedc2fcff40,5032
485312502649,MEMORY,alloc,51,0x5dedc24f0b40,51
485312502859,MEMORY,alloc,72,0x5dedc2fd12f0,72
485312503052,MEMORY,alloc,51,0x5dedc2fd1340,51
485312506379,MEMORY,free_unknown,0,0x5dedc24f0b40,0
485312510632,MEMORY,alloc,5032,0x5dedc2fd1380,5032
485312511980,MEMORY,alloc,51,0x5dedc24f0b40,51
485312512247,MEMORY,alloc,72,0x5dedc2fd2730,72
485312512487,MEMORY,alloc,51,0x5dedc2fd2780,51
485312516077,MEMORY,free_unknown,0,0x5dedc24f0b40,0
485312520576,MEMORY,alloc,15176,0x5dedc2fd27c0,15176
485312560750,MEMORY,alloc,52,0x5dedc24f0b40,52
485312560993,MEMORY,alloc,72,0x5dedc2fd6310,72
485312561149,MEMORY,alloc,52,0x5dedc2fd6360,52
485312565208,MEMORY,free_unknown,0,0x5dedc24f0b40,0
485312572478,MEMORY,alloc,15176,0x5dedc2fd63a0,15176
485312583948,MEMORY,alloc,52,0x5dedc24f0b40,52
485312584231,MEMORY,alloc,72,0x5dedc2fd9ef0,72
485312584377,MEMORY,alloc,52,0x5dedc2fd9f40,52
485312587325,MEMORY,free_unknown,0,0x5dedc24f0b40,0
485312599099,MEMORY,alloc,15176,0x5dedc2fd9f80,15176
485312624942,MEMORY,alloc,52,0x5dedc24f0b40,52
485312625216,MEMORY,alloc,72,0x5dedc2fddad0,72
485312625479,MEMORY,alloc,52,0x5dedc2fddb20,52
485312629788,MEMORY,free_unknown,0,0x5dedc24f0b40,0
485312634196,MEMORY,alloc,15176,0x5dedc2fddb60,15176
485312882669,MEMORY,alloc,52,0x5dedc24f0b40,52
485312883389,MEMORY,alloc,72,0x5dedc2fe16b0,72
485312883690,MEMORY,alloc,52,0x5dedc2fe1700,52
485312888887,MEMORY,free_unknown,0,0x5dedc24f0b40,0
485312893889,MEMORY,alloc,15176,0x5dedc2fe1740,15176
485312909264,MEMORY,alloc,52,0x5dedc24f0b40,52
485312909533,MEMORY,alloc,72,0x5dedc2fe5290,72
485312909781,MEMORY,alloc,52,0x5dedc2fe52e0,52
485312912737,MEMORY,free_unknown,0,0x5dedc24f0b40,0
485313069252,MEMORY,alloc,15176,0x5dedc2fe5320,15176
485313081791,MEMORY,alloc,52,0x5dedc24f0b40,52
485313082365,MEMORY,alloc,72,0x5dedc2fe8e70,72
485313082539,MEMORY,alloc,52,0x5dedc2fe8ec0,52
485313087142,MEMORY,free_unknown,0,0x5dedc24f0b40,0
485313091902,MEMORY,alloc,15176,0x5dedc2fe8f00,15176
485313110142,MEMORY,alloc,52,0x5dedc24f0b40,52
485313110433,MEMORY,alloc,72,0x5dedc2feca50,72
485313110621,MEMORY,alloc,52,0x5dedc2fecaa0,52
485313114037,MEMORY,free_unknown,0,0x5dedc24f0b40,0
485313125991,MEMORY,alloc,15176,0x5dedc2fecae0,15176
485313140020,MEMORY,alloc,52,0x5dedc24f0b40,52
485313140316,MEMORY,alloc,72,0x5dedc2ff0630,72
485313140547,MEMORY,alloc,52,0x5dedc2ff0680,52
485313144564,MEMORY,free_unknown,0,0x5dedc24f0b40,0
485313149064,MEMORY,alloc,44672,0x5dedc2ff06c0,44672
485313195966,MEMORY,alloc,57,0x5dedc2ffb550,57
485313196226,MEMORY,alloc,72,0x5dedc2ffb5a0,72
485313196449,MEMORY,alloc,57,0x5dedc2ffb5f0,57
485313200327,MEMORY,free_unknown,0,0x5dedc2ffb550,0
485313214650,MEMORY,alloc,44672,0x5dedc2ffb640,44672
485313333678,MEMORY,alloc,57,0x5dedc2ffb550,57
485313334257,MEMORY,alloc,72,0x5dedc30064d0,72
485313334411,MEMORY,alloc,57,0x5dedc3006520,57
485313338665,MEMORY,free_unknown,0,0x5dedc2ffb550,0
485313627306,MEMORY,alloc,44288,0x5dedc3006570,44288
485313678361,MEMORY,alloc,57,0x5dedc2ffb550,57
485313678955,MEMORY,alloc,72,0x5dedc3011280,72
485313679205,MEMORY,alloc,57,0x5dedc30112d0,57
485313683610,MEMORY,free_unknown,0,0x5dedc2ffb550,0
485313688376,MEMORY,alloc,44288,0x5dedc3011320,44288
485313744209,MEMORY,alloc,57,0x5dedc2ffb550,57
485313744611,MEMORY,alloc,72,0x5dedc301c030,72
485313744823,MEMORY,alloc,57,0x5dedc301c080,57
485313748742,MEMORY,free_unknown,0,0x5dedc2ffb550,0
485313764648,MEMORY,alloc,44288,0x5dedc301c0d0,44288
485313823812,MEMORY,alloc,57,0x5dedc2ffb550,57
485313824406,MEMORY,alloc,72,0x5dedc3026de0,72
485313824627,MEMORY,alloc,57,0x5dedc3026e30,57
485313828910,MEMORY,free_unknown,0,0x5dedc2ffb550,0
485313839735,MEMORY,alloc,44288,0x5dedc3026e80,44288
485313895177,MEMORY,alloc,57,0x5dedc2ffb550,57
485313895604,MEMORY,alloc,72,0x5dedc3031b90,72
485313895851,MEMORY,alloc,57,0x5dedc3031be0,57
485313900367,MEMORY,free_unknown,0,0x5dedc2ffb550,0
485314182067,MEMORY,alloc,44288,0x5dedc3031c30,44288
485314239011,MEMORY,alloc,57,0x5dedc2ffb550,57
485314239538,MEMORY,alloc,72,0x5dedc303c940,72
485314239776,MEMORY,alloc,57,0x5dedc303c990,57
485314244470,MEMORY,free_unknown,0,0x5dedc2ffb550,0
485314503146,MEMORY,alloc,44288,0x5dedc303c9e0,44288
485314568146,MEMORY,alloc,57,0x5dedc2ffb550,57
485314568867,MEMORY,alloc,72,0x5dedc30476f0,72
485314569146,MEMORY,alloc,57,0x5dedc3047740,57
485314573728,MEMORY,free_unknown,0,0x5dedc2ffb550,0
485314586877,MEMORY,alloc,29728,0x5dedc3047790,29728
485314621078,MEMORY,alloc,58,0x5dedc2ffb550,58
485314621386,MEMORY,alloc,72,0x5dedc304ebc0,72
485314621636,MEMORY,alloc,58,0x5dedc304ec10,58
485314625640,MEMORY,free_unknown,0,0x5dedc2ffb550,0
485314631143,MEMORY,alloc,29728,0x5dedc304ec60,29728
485314751252,MEMORY,alloc,58,0x5dedc2ffb550,58
485314751745,MEMORY,alloc,72,0x5dedc3056090,72
485314751902,MEMORY,alloc,58,0x5dedc30560e0,58
485314756855,MEMORY,free_unknown,0,0x5dedc2ffb550,0
485315094631,MEMORY,alloc,30496,0x5dedc3056130,30496
485315213645,MEMORY,alloc,58,0x5dedc2ffb550,58
485315214385,MEMORY,alloc,72,0x5dedc305d860,72
485315214673,MEMORY,alloc,58,0x5dedc305d8b0,58
485315219834,MEMORY,free_unknown,0,0x5dedc2ffb550,0
485315233010,MEMORY,alloc,30496,0x5dedc305d900,30496
485315284449,MEMORY,alloc,58,0x5dedc2ffb550,58
485315284887,MEMORY,alloc,72,0x5dedc3065030,72
485315285050,MEMORY,alloc,58,0x5dedc3065080,58
485315288613,MEMORY,free_unknown,0,0x5dedc2ffb550,0
485315294047,MEMORY,alloc,30496,0x5dedc30650d0,30496
485315328545,MEMORY,alloc,58,0x5dedc2ffb550,58
485315329067,MEMORY,alloc,72,0x5dedc306c800,72
485315329275,MEMORY,alloc,58,0x5dedc306c850,58
485315333409,MEMORY,free_unknown,0,0x5dedc2ffb550,0
485315344359,MEMORY,alloc,30496,0x5dedc306c8a0,30496
485315378756,MEMORY,alloc,58,0x5dedc2ffb550,58
485315383675,MEMORY,alloc,72,0x5dedc3073fd0,72
485315384006,MEMORY,alloc,58,0x5dedc3074020,58
485315387600,MEMORY,free_unknown,0,0x5dedc2ffb550,0
485315445144,MEMORY,alloc,30496,0x5dedc3074070,30496
485315489510,MEMORY,alloc,58,0x5dedc2ffb550,58
485315490047,MEMORY,alloc,72,0x5dedc307b7a0,72
485315490201,MEMORY,alloc,58,0x5dedc307b7f0,58
485315494321,MEMORY,free_unknown,0,0x5dedc2ffb550,0
485315647842,MEMORY,alloc,30496,0x5dedc307b840,30496
485315687486,MEMORY,alloc,58,0x5dedc2ffb550,58
485315688176,MEMORY,alloc,72,0x5dedc3082f70,72
485315693022,MEMORY,alloc,58,0x5dedc3082fc0,58
485315698261,MEMORY,free_unknown,0,0x5dedc2ffb550,0
485315704261,MEMORY,alloc,34632,0x5dedc3083010,34632
485315743726,MEMORY,alloc,47,0x5dedc24f0b40,47
485315743888,MEMORY,alloc,72,0x5dedc2ffb550,72
485315744151,MEMORY,alloc,47,0x5dedc308b760,47
485315748227,MEMORY,free_unknown,0,0x5dedc24f0b40,0
485315948099,MEMORY,alloc,34632,0x5dedc308b7a0,34632
485315989426,MEMORY,alloc,47,0x5dedc24f0b40,47
485315989942,MEMORY,alloc,72,0x5dedc3093ef0,72
485315990161,MEMORY,alloc,47,0x5dedc3093f40,47
485315995084,MEMORY,free_unknown,0,0x5dedc24f0b40,0
485316019073,MEMORY,alloc,34376,0x5dedc3093f80,34376
485316159069,MEMORY,alloc,47,0x5dedc24f0b40,47
485316159569,MEMORY,alloc,72,0x5dedc309c5d0,72
485316159804,MEMORY,alloc,47,0x5dedc309c620,47
485316164520,MEMORY,free_unknown,0,0x5dedc24f0b40,0
485316384877,MEMORY,alloc,34376,0x5dedc309c660,34376
485316426035,MEMORY,alloc,47,0x5dedc24f0b40,47
485316426666,MEMORY,alloc,72,0x5dedc30a4cb0,72
485316426931,MEMORY,alloc,47,0x5dedc30a4d00,47
485316432492,MEMORY,free_unknown,0,0x5dedc24f0b40,0
485316438485,MEMORY,alloc,34376,0x5dedc30a4d40,34376
485316483439,MEMORY,alloc,47,0x5dedc24f0b40,47
485316483737,MEMORY,alloc,72,0x5dedc30ad390,72
485316483980,MEMORY,alloc,47,0x5dedc30ad3e0,47
485316488505,MEMORY,free_unknown,0,0x5dedc24f0b40,0
485316501272,MEMORY,alloc,34376,0x5dedc30ad420,34376
485316552161,MEMORY,alloc,47,0x5dedc24f0b40,47
485316552594,MEMORY,alloc,72,0x5dedc30b5a70,72
485316552844,MEMORY,alloc,47,0x5dedc30b5ac0,47
485316556744,MEMORY,free_unknown,0,0x5dedc24f0b40,0
485316562468,MEMORY,alloc,34376,0x5dedc30b5b00,34376
485316605538,MEMORY,alloc,47,0x5dedc24f0b40,47
485316605908,MEMORY,alloc,72,0x5dedc30be150,72
485316606118,MEMORY,alloc,47,0x5dedc30be1a0,47
485316610074,MEMORY,free_unknown,0,0x5dedc24f0b40,0
485316927705,MEMORY,alloc,34376,0x5dedc30be1e0,34376
485316989325,MEMORY,alloc,47,0x5dedc24f0b40,47
485316989952,MEMORY,alloc,72,0x5dedc30c6830,72
485316990242,MEMORY,alloc,47,0x5dedc30c6880,47
485316994880,MEMORY,free_unknown,0,0x5dedc24f0b40,0
485317025355,MEMORY,alloc,49352,0x5dedc30c68c0,49352
485317166379,MEMORY,alloc,58,0x5dedc30d2990,58
485317166744,MEMORY,alloc,72,0x5dedc30d29e0,72
485317166962,MEMORY,alloc,58,0x5dedc30d2a30,58
485317171609,MEMORY,free_unknown,0,0x5dedc30d2990,0
485317262786,MEMORY,alloc,49352,0x5dedc30d2a80,49352
485317380864,MEMORY,alloc,58,0x5dedc30d2990,58
485317381420,MEMORY,alloc,72,0x5dedc30deb50,72
485317381662,MEMORY,alloc,58,0x5dedc30deba0,58
485317386105,MEMORY,free_unknown,0,0x5dedc30d2990,0
485317528585,MEMORY,alloc,49096,0x5dedc30debf0,49096
485317588913,MEMORY,alloc,58,0x5dedc30d2990,58
485317589484,MEMORY,alloc,72,0x5dedc30eabc0,72
485317589696,MEMORY,alloc,58,0x5dedc30eac10,58
485317593842,MEMORY,free_unknown,0,0x5dedc30d2990,0
485317652241,MEMORY,alloc,49096,0x5dedc30eac60,49096
485317721104,MEMORY,alloc,58,0x5dedc30d2990,58
485317721846,MEMORY,alloc,72,0x5dedc30f6c30,72
485317721986,MEMORY,alloc,58,0x5dedc30f6c80,58
485317726521,MEMORY,free_unknown,0,0x5dedc30d2990,0
485317737441,MEMORY,alloc,49096,0x5dedc30f6cd0,49096
485317830398,MEMORY,alloc,58,0x5dedc30d2990,58
485317830955,MEMORY,alloc,72,0x5dedc3102ca0,72
485317831167,MEMORY,alloc,58,0x5dedc3102cf0,58
485317835609,MEMORY,free_unknown,0,0x5dedc30d2990,0
485318133098,MEMORY,alloc,49096,0x5dedc3102d40,49096
485318282211,MEMORY,alloc,58,0x5dedc30d2990,58
485318282766,MEMORY,alloc,72,0x5dedc310ed10,72
485318282966,MEMORY,alloc,58,0x5dedc310ed60,58
485318289048,MEMORY,free_unknown,0,0x5dedc30d2990,0
485318300535,MEMORY,alloc,49096,0x5dedc310edb0,49096
485318643554,MEMORY,alloc,58,0x5dedc30d2990,58
485318644299,MEMORY,alloc,72,0x5dedc311ad80,72
485318644567,MEMORY,alloc,58,0x5dedc311add0,58
485318657934,MEMORY,free_unknown,0,0x5dedc30d2990,0
485318769879,MEMORY,alloc,49096,0x5dedc311ae20,49096
485318855565,MEMORY,alloc,58,0x5dedc30d2990,58
485318855764,MEMORY,alloc,72,0x5dedc3126df0,72
485318855961,MEMORY,alloc,58,0x5dedc3126e40,58
485318859513,MEMORY,free_unknown,0,0x5dedc30d2990,0
485319011791,MEMORY,alloc,48064,0x5dedc3126e90,48064
485319059885,MEMORY,alloc,58,0x5dedc30d2990,58
485319060295,MEMORY,alloc,72,0x5dedc3132a60,72
485319060428,MEMORY,alloc,58,0x5dedc3132ab0,58
485319064057,MEMORY,free_unknown,0,0x5dedc30d2990,0
485319068976,MEMORY,alloc,48064,0x5dedc3132b00,48064
485319122283,MEMORY,alloc,58,0x5dedc30d2990,58
485319122450,MEMORY,alloc,72,0x5dedc313e6d0,72
485319122602,MEMORY,alloc,58,0x5dedc313e720,58
485319125333,MEMORY,free_unknown,0,0x5dedc30d2990,0
485319136294,MEMORY,alloc,48000,0x5dedc313e770,48000
485319190442,MEMORY,alloc,58,0x5dedc30d2990,58
485319190695,MEMORY,alloc,72,0x5dedc314a300,72
485319190875,MEMORY,alloc,58,0x5dedc314a350,58
485319194409,MEMORY,free_unknown,0,0x5dedc30d2990,0
485319310428,MEMORY,alloc,48000,0x5dedc314a3a0,48000
485319348101,MEMORY,alloc,58,0x5dedc30d2990,58
485319348347,MEMORY,alloc,72,0x5dedc3155f30,72
485319348545,MEMORY,alloc,58,0x5dedc3155f80,58
485319352861,MEMORY,free_unknown,0,0x5dedc30d2990,0
485319635336,MEMORY,alloc,48000,0x5dedc3155fd0,48000
485319674702,MEMORY,alloc,58,0x5dedc30d2990,58
485319675043,MEMORY,alloc,72,0x5dedc3161b60,72
485319675207,MEMORY,alloc,58,0x5dedc3161bb0,58
485319680134,MEMORY,free_unknown,0,0x5dedc30d2990,0
485319684999,MEMORY,alloc,48000,0x5dedc3161c00,48000
485319790437,MEMORY,alloc,58,0x5dedc30d2990,58
485319791065,MEMORY,alloc,72,0x5dedc316d790,72
485319791279,MEMORY,alloc,58,0x5dedc316d7e0,58
485319794668,MEMORY,free_unknown,0,0x5dedc30d2990,0
485320167029,MEMORY,alloc,48000,0x5dedc316d830,48000
485320261597,MEMORY,alloc,58,0x5dedc30d2990,58
485320262080,MEMORY,alloc,72,0x5dedc31793c0,72
485320262229,MEMORY,alloc,58,0x5dedc3179410,58
485320266337,MEMORY,free_unknown,0,0x5dedc30d2990,0
485320273978,MEMORY,alloc,48000,0x5dedc3179460,48000
485320308971,MEMORY,alloc,58,0x5dedc30d2990,58
485320311777,MEMORY,alloc,72,0x5dedc3184ff0,72
485320311958,MEMORY,alloc,58,0x5dedc3185040,58
485320314131,MEMORY,free_unknown,0,0x5dedc30d2990,0
485320317214,MEMORY,alloc,6128,0x5dedc3185090,6128
485320318436,MEMORY,alloc,57,0x5dedc30d2990,57
485320318575,MEMORY,alloc,72,0x5dedc3186890,72
485320318704,MEMORY,alloc,57,0x5dedc31868e0,57
485320320558,MEMORY,free_unknown,0,0x5dedc30d2990,0
485320323523,MEMORY,alloc,6128,0x5dedc3186930,6128
485320327176,MEMORY,alloc,57,0x5dedc30d2990,57
485320327315,MEMORY,alloc,72,0x5dedc3188130,72
485320327434,MEMORY,alloc,57,0x5dedc3188180,57
485320328898,MEMORY,free_unknown,0,0x5dedc30d2990,0
485320331825,MEMORY,alloc,6128,0x5dedc31881d0,6128
485320333168,MEMORY,alloc,57,0x5dedc30d2990,57
485320333297,MEMORY,alloc,72,0x5dedc31899d0,72
485320333421,MEMORY,alloc,57,0x5dedc3189a20,57
485320335002,MEMORY,free_unknown,0,0x5dedc30d2990,0
485320337932,MEMORY,alloc,6128,0x5dedc3189a70,6128
485320341665,MEMORY,alloc,57,0x5dedc30d2990,57
485320341800,MEMORY,alloc,72,0x5dedc318b270,72
485320341925,MEMORY,alloc,57,0x5dedc318b2c0,57
485320344498,MEMORY,free_unknown,0,0x5dedc30d2990,0
485320347380,MEMORY,alloc,6128,0x5dedc318b310,6128
485320348700,MEMORY,alloc,57,0x5dedc30d2990,57
485320348839,MEMORY,alloc,72,0x5dedc318cb10,72
485320348966,MEMORY,alloc,57,0x5dedc318cb60,57
485320350587,MEMORY,free_unknown,0,0x5dedc30d2990,0
485320353700,MEMORY,alloc,6128,0x5dedc318cbb0,6128
485320357365,MEMORY,alloc,57,0x5dedc30d2990,57
485320357531,MEMORY,alloc,72,0x5dedc318e3b0,72
485320357651,MEMORY,alloc,57,0x5dedc318e400,57
485320359562,MEMORY,free_unknown,0,0x5dedc30d2990,0
485320364994,MEMORY,alloc,6128,0x5dedc318e450,6128
485320366342,MEMORY,alloc,57,0x5dedc30d2990,57
485320366503,MEMORY,alloc,72,0x5dedc318fc50,72
485320366626,MEMORY,alloc,57,0x5dedc318fca0,57
485320368955,MEMORY,free_unknown,0,0x5dedc30d2990,0
485320501986,MEMORY,alloc,6128,0x5dedc318fcf0,6128
485320505575,MEMORY,alloc,57,0x5dedc30d2990,57
485320505808,MEMORY,alloc,72,0x5dedc31914f0,72
485320505938,MEMORY,alloc,57,0x5dedc3191540,57
485320508991,MEMORY,free_unknown,0,0x5dedc30d2990,0
485320512385,MEMORY,alloc,6728,0x5dedc3191590,6728
485320513791,MEMORY,alloc,57,0x5dedc30d2990,57
485320516916,MEMORY,alloc,72,0x5dedc3192fe0,72
485320517073,MEMORY,alloc,57,0x5dedc3193030,57
485320518705,MEMORY,free_unknown,0,0x5dedc30d2990,0
485320521619,MEMORY,alloc,6728,0x5dedc3193080,6728
485320523010,MEMORY,alloc,57,0x5dedc30d2990,57
485320526061,MEMORY,alloc,72,0x5dedc3194ad0,72
485320526182,MEMORY,alloc,57,0x5dedc3194b20,57
485320529126,MEMORY,free_unknown,0,0x5dedc30d2990,0
485320532032,MEMORY,alloc,6728,0x5dedc3194b70,6728
485320535604,MEMORY,alloc,57,0x5dedc30d2990,57
485320535743,MEMORY,alloc,72,0x5dedc31965c0,72
485320535869,MEMORY,alloc,57,0x5dedc3196610,57
485320537781,MEMORY,free_unknown,0,0x5dedc30d2990,0
485320540862,MEMORY,alloc,6728,0x5dedc3196660,6728
485320544702,MEMORY,alloc,57,0x5dedc30d2990,57
485320544834,MEMORY,alloc,72,0x5dedc31980b0,72
485320544958,MEMORY,alloc,57,0x5dedc3198100,57
485320547190,MEMORY,free_unknown,0,0x5dedc30d2990,0
485320550191,MEMORY,alloc,6728,0x5dedc3198150,6728
485320551388,MEMORY,alloc,57,0x5dedc30d2990,57
485320551523,MEMORY,alloc,72,0x5dedc3199ba0,72
485320551646,MEMORY,alloc,57,0x5dedc3199bf0,57
485320553184,MEMORY,free_unknown,0,0x5dedc30d2990,0
485320809746,MEMORY,alloc,6728,0x5dedc3199c40,6728
485320815555,MEMORY,alloc,57,0x5dedc30d2990,57
485320816094,MEMORY,alloc,72,0x5dedc319b690,72
485320816383,MEMORY,alloc,57,0x5dedc319b6e0,57
485320821666,MEMORY,free_unknown,0,0x5dedc30d2990,0
485320826996,MEMORY,alloc,6728,0x5dedc319b730,6728
485320831130,MEMORY,alloc,57,0x5dedc30d2990,57
485320831285,MEMORY,alloc,72,0x5dedc319d180,72
485320831408,MEMORY,alloc,57,0x5dedc319d1d0,57
485320833280,MEMORY,free_unknown,0,0x5dedc30d2990,0
485320836194,MEMORY,alloc,6728,0x5dedc319d220,6728
485320837521,MEMORY,alloc,57,0x5dedc30d2990,57
485320837648,MEMORY,alloc,72,0x5dedc319ec70,72
485320837771,MEMORY,alloc,57,0x5dedc319ecc0,57
485320840655,MEMORY,free_unknown,0,0x5dedc30d2990,0
485320847784,MEMORY,alloc,6968,0x5dedc319ed10,6968
485320851335,MEMORY,alloc,57,0x5dedc30d2990,57
485320851473,MEMORY,alloc,72,0x5dedc31a0850,72
485320851596,MEMORY,alloc,57,0x5dedc31a08a0,57
485320853165,MEMORY,free_unknown,0,0x5dedc30d2990,0
485320856536,MEMORY,alloc,6968,0x5dedc31a08f0,6968
485320867721,MEMORY,alloc,57,0x5dedc30d2990,57
485320867874,MEMORY,alloc,72,0x5dedc31a2430,72
485320868002,MEMORY,alloc,57,0x5dedc31a2480,57
485320869602,MEMORY,free_unknown,0,0x5dedc30d2990,0
485320872470,MEMORY,alloc,6904,0x5dedc31a24d0,6904
485320873626,MEMORY,alloc,57,0x5dedc30d2990,57
485320876359,MEMORY,alloc,72,0x5dedc31a3fd0,72
485320876515,MEMORY,alloc,57,0x5dedc31a4020,57
485320878768,MEMORY,free_unknown,0,0x5dedc30d2990,0
485320881595,MEMORY,alloc,6904,0x5dedc31a4070,6904
485320882790,MEMORY,alloc,57,0x5dedc30d2990,57
485320882919,MEMORY,alloc,72,0x5dedc31a5b70,72
485320883042,MEMORY,alloc,57,0x5dedc31a5bc0,57
485320885137,MEMORY,free_unknown,0,0x5dedc30d2990,0
485320889265,MEMORY,alloc,6904,0x5dedc31a5c10,6904
485320893185,MEMORY,alloc,57,0x5dedc30d2990,57
485320893313,MEMORY,alloc,72,0x5dedc31a7710,72
485320893438,MEMORY,alloc,57,0x5dedc31a7760,57
485320895093,MEMORY,free_unknown,0,0x5dedc30d2990,0
485320898048,MEMORY,alloc,6904,0x5dedc31a77b0,6904
485320901438,MEMORY,alloc,57,0x5dedc30d2990,57
485320901566,MEMORY,alloc,72,0x5dedc31a92b0,72
485320901688,MEMORY,alloc,57,0x5dedc31a9300,57
485320903963,MEMORY,free_unknown,0,0x5dedc30d2990,0
485320906816,MEMORY,alloc,6904,0x5dedc31a9350,6904
485320908105,MEMORY,alloc,57,0x5dedc30d2990,57
485320908234,MEMORY,alloc,72,0x5dedc31aae50,72
485320908359,MEMORY,alloc,57,0x5dedc31aaea0,57
485320910612,MEMORY,free_unknown,0,0x5dedc30d2990,0
485320913583,MEMORY,alloc,6904,0x5dedc31aaef0,6904
485320917043,MEMORY,alloc,57,0x5dedc30d2990,57
485320917172,MEMORY,alloc,72,0x5dedc31ac9f0,72
485320917297,MEMORY,alloc,57,0x5dedc31aca40,57
485320919393,MEMORY,free_unknown,0,0x5dedc30d2990,0
485320922358,MEMORY,alloc,5192,0x5dedc31aca90,5192
485320923530,MEMORY,alloc,48,0x5dedc24f0b40,48
485320923646,MEMORY,alloc,72,0x5dedc30d2990,72
485320923792,MEMORY,alloc,48,0x5dedc31adee0,48
485320926254,MEMORY,free_unknown,0,0x5dedc24f0b40,0
485320929242,MEMORY,alloc,5192,0x5dedc31adf20,5192
485320932647,MEMORY,alloc,48,0x5dedc24f0b40,48
485320932800,MEMORY,alloc,72,0x5dedc31af370,72
485320932919,MEMORY,alloc,48,0x5dedc31af3c0,48
485320935124,MEMORY,free_unknown,0,0x5dedc24f0b40,0
485320943440,MEMORY,alloc,5128,0x5dedc31af400,5128
485320944299,MEMORY,alloc,48,0x5dedc24f0b40,48
485320947087,MEMORY,alloc,72,0x5dedc31b0810,72
485320947212,MEMORY,alloc,48,0x5dedc31b0860,48
485320952646,MEMORY,alloc,8872,0x5dedc31b08a0,8872
485321059216,MEMORY,free_unknown,0,0x5dedc2c24920,0
485321061608,MEMORY,free_unknown,0,0x5dedc24f0b40,0
485321083725,MEMORY,alloc,5128,0x5dedc31b2b50,5128
485321084899,MEMORY,alloc,48,0x5dedc24f0b40,48
485321085443,MEMORY,alloc,72,0x5dedc2c24920,72
485321085671,MEMORY,alloc,48,0x5dedc2c24970,48
485321088155,MEMORY,free_unknown,0,0x5dedc24f0b40,0
485321092256,MEMORY,alloc,5128,0x5dedc31b3f60,5128
485321096934,MEMORY,alloc,48,0x5dedc24f0b40,48
485321097359,MEMORY,alloc,72,0x5dedc2c249b0,72
485321097679,MEMORY,alloc,48,0x5dedc2c24a00,48
485321100779,MEMORY,free_unknown,0,0x5dedc24f0b40,0
485321104888,MEMORY,alloc,5128,0x5dedc31b5370,5128
485321107550,MEMORY,alloc,48,0x5dedc24f0b40,48
485321107846,MEMORY,alloc,72,0x5dedc2c24a40,72
485321108037,MEMORY,alloc,48,0x5dedc2c24a90,48
485321111079,MEMORY,free_unknown,0,0x5dedc24f0b40,0
485321115805,MEMORY,alloc,5128,0x5dedc31b6780,5128
485321117020,MEMORY,alloc,48,0x5dedc24f0b40,48
485321117337,MEMORY,alloc,72,0x5dedc2c24ad0,72
485321117559,MEMORY,alloc,48,0x5dedc2c24b20,48
485321121095,MEMORY,free_unknown,0,0x5dedc24f0b40,0
485321124787,MEMORY,alloc,5128,0x5dedc31b7b90,5128
485321125984,MEMORY,alloc,48,0x5dedc24f0b40,48
485321126141,MEMORY,alloc,72,0x5dedc2c24b60,72
485321126266,MEMORY,alloc,48,0x5dedc2c24bb0,48
485321128255,MEMORY,free_unknown,0,0x5dedc24f0b40,0
485321131244,MEMORY,alloc,5616,0x5dedc31b8fa0,5616
485321134672,MEMORY,alloc,48,0x5dedc24f0b40,48
485321134824,MEMORY,alloc,72,0x5dedc2c24bf0,72
485321134953,MEMORY,alloc,48,0x5dedc2c24c40,48
485321136755,MEMORY,free_unknown,0,0x5dedc24f0b40,0
485321139595,MEMORY,alloc,5616,0x5dedc31ba5a0,5616
485321140567,MEMORY,alloc,48,0x5dedc24f0b40,48
485321140744,MEMORY,alloc,72,0x5dedc2c24c80,72
485321140869,MEMORY,alloc,48,0x5dedc2c24cd0,48
485321142782,MEMORY,free_unknown,0,0x5dedc24f0b40,0
485321353975,MEMORY,alloc,5552,0x5dedc31bbba0,5552
485321358239,MEMORY,alloc,48,0x5dedc24f0b40,48
485321358757,MEMORY,alloc,72,0x5dedc2c24d10,72
485321358944,MEMORY,alloc,48,0x5dedc2c24d60,48
485321362492,MEMORY,free_unknown,0,0x5dedc24f0b40,0
485321365899,MEMORY,alloc,5552,0x5dedc31bd160,5552
485321367828,MEMORY,alloc,48,0x5dedc24f0b40,48
485321367996,MEMORY,alloc,72,0x5dedc2c24da0,72
485321368119,MEMORY,alloc,48,0x5dedc2c24df0,48
485321370118,MEMORY,free_unknown,0,0x5dedc24f0b40,0
485321373202,MEMORY,alloc,5552,0x5dedc31be720,5552
485321374555,MEMORY,alloc,48,0x5dedc24f0b40,48
485321374832,MEMORY,alloc,72,0x5dedc2c24e30,72
485321374955,MEMORY,alloc,48,0x5dedc2c24e80,48
485321376757,MEMORY,free_unknown,0,0x5dedc24f0b40,0
485321389808,MEMORY,alloc,5552,0x5dedc31bfce0,5552
485321395468,MEMORY,alloc,48,0x5dedc24f0b40,48
485321395854,MEMORY,alloc,72,0x5dedc2c24ec0,72
485321396099,MEMORY,alloc,48,0x5dedc2c24f10,48
485321399492,MEMORY,free_unknown,0,0x5dedc24f0b40,0
485321413775,MEMORY,alloc,5552,0x5dedc31c12a0,5552
485321415178,MEMORY,alloc,48,0x5dedc24f0b40,48
485321415517,MEMORY,alloc,72,0x5dedc2c24f50,72
485321415717,MEMORY,alloc,48,0x5dedc2c24fa0,48
485321419706,MEMORY,free_unknown,0,0x5dedc24f0b40,0
485321423198,MEMORY,alloc,5552,0x5dedc31c2860,5552
485321424333,MEMORY,alloc,48,0x5dedc24f0b40,48
485321424603,MEMORY,alloc,72,0x5dedc2c24fe0,72
485321424723,MEMORY,alloc,48,0x5dedc2c25030,48
485321427182,MEMORY,free_unknown,0,0x5dedc24f0b40,0
485321430147,MEMORY,alloc,5792,0x5dedc31c3e20,5792
485321433626,MEMORY,alloc,48,0x5dedc24f0b40,48
485321433833,MEMORY,alloc,72,0x5dedc2c25070,72
485321433958,MEMORY,alloc,48,0x5dedc2c250c0,48
485321436004,MEMORY,free_unknown,0,0x5dedc24f0b40,0
485321439042,MEMORY,alloc,5792,0x5dedc31c54d0,5792
485321440372,MEMORY,alloc,48,0x5dedc24f0b40,48
485321440573,MEMORY,alloc,72,0x5dedc2c25100,72
485321440698,MEMORY,alloc,48,0x5dedc2c25150,48
485321442675,MEMORY,free_unknown,0,0x5dedc24f0b40,0
485321445642,MEMORY,alloc,5728,0x5dedc31c6b80,5728
485321449461,MEMORY,alloc,48,0x5dedc24f0b40,48
485321449654,MEMORY,alloc,72,0x5dedc2c25190,72
485321449775,MEMORY,alloc,48,0x5dedc2c251e0,48
485321452164,MEMORY,free_unknown,0,0x5dedc24f0b40,0
485321458661,MEMORY,alloc,5728,0x5dedc31c81f0,5728
485321460291,MEMORY,alloc,48,0x5dedc24f0b40,48
485321460511,MEMORY,alloc,72,0x5dedc2c25220,72
485321460635,MEMORY,alloc,48,0x5dedc2c25270,48
485321463107,MEMORY,free_unknown,0,0x5dedc24f0b40,0
485321466322,MEMORY,alloc,5728,0x5dedc31c9860,5728
485321467527,MEMORY,alloc,48,0x5dedc24f0b40,48
485321467713,MEMORY,alloc,72,0x5dedc2c252b0,72
485321467837,MEMORY,alloc,48,0x5dedc2c25300,48
485321470116,MEMORY,free_unknown,0,0x5dedc24f0b40,0
485321473049,MEMORY,alloc,5728,0x5dedc31caed0,5728
485321476350,MEMORY,alloc,48,0x5dedc24f0b40,48
485321476573,MEMORY,alloc,72,0x5dedc2c25340,72
485321476691,MEMORY,alloc,48,0x5dedc2c25390,48
485321478746,MEMORY,free_unknown,0,0x5dedc24f0b40,0
485321482093,MEMORY,alloc,5728,0x5dedc31cc540,5728
485321483111,MEMORY,alloc,48,0x5dedc24f0b40,48
485321483290,MEMORY,alloc,72,0x5dedc2c253d0,72
485321483413,MEMORY,alloc,48,0x5dedc2c25420,48
485321485555,MEMORY,free_unknown,0,0x5dedc24f0b40,0
485321488344,MEMORY,alloc,5728,0x5dedc31cdbb0,5728
485321492090,MEMORY,alloc,48,0x5dedc24f0b40,48
485321492273,MEMORY,alloc,72,0x5dedc2c25460,72
485321492398,MEMORY,alloc,48,0x5dedc2c254b0,48
485321494502,MEMORY,free_unknown,0,0x5dedc24f0b40,0
485321495353,MEMORY,alloc,21,0x5dedc24f3e10,21
485321496961,MEMORY,alloc,64,0x5dedc2c254f0,64
485321497364,MEMORY,alloc,480,0x5dedc2c25540,480
485321498461,MEMORY,alloc,96,0x5dedc24f1d40,96
485321714574,MEMORY,alloc,24,0x5dedc2c25730,24
485321715351,MEMORY,alloc,104,0x5dedc2c25750,104
485321716405,MEMORY,alloc,24,0x5dedc2c257c0,24
485321716772,MEMORY,alloc,24,0x5dedc2c257e0,24
485321716962,MEMORY,alloc,24,0x5dedc2c25800,24
485321717272,MEMORY,alloc,24,0x5dedc2c25820,24
485321717487,MEMORY,alloc,24,0x5dedc2c25840,24
485321717764,MEMORY,alloc,24,0x5dedc2c25860,24
485321717997,MEMORY,alloc,24,0x5dedc2c25880,24
485321718317,MEMORY,alloc,24,0x5dedc2c258a0,24
485321718623,MEMORY,alloc,24,0x5dedc2c258c0,24
485321718905,MEMORY,alloc,24,0x5dedc2c258e0,24
485321719317,MEMORY,alloc,24,0x5dedc2c25900,24
485321719613,MEMORY,alloc,24,0x5dedc2c25920,24
485321719916,MEMORY,alloc,24,0x5dedc2c25940,24
485321720706,MEMORY,alloc,232,0x5dedc24f3670,232
485321725240,MEMORY,free_unknown,0,0x5dedc2c25750,0
485321725678,MEMORY,alloc,24,0x5dedc2c25960,24
485321726073,MEMORY,alloc,24,0x5dedc2c25980,24
485321726310,MEMORY,alloc,24,0x5dedc2c259a0,24
485321726549,MEMORY,alloc,24,0x5dedc2c259c0,24
485321727215,MEMORY,alloc,24,0x5dedc24f3cd0,24
485321727671,MEMORY,alloc,24,0x5dedc2502250,24
485321727990,MEMORY,alloc,24,0x5dedc24fd0d0,24
485321728288,MEMORY,alloc,24,0x5dedc24f6a60,24
485321728605,MEMORY,alloc,24,0x5dedc28a1a80,24
485321728809,MEMORY,alloc,24,0x5dedc2c259e0,24
485321729629,MEMORY,alloc,24,0x5dedc31cf220,24
485321729965,MEMORY,alloc,24,0x5dedc31cf240,24
485321730220,MEMORY,alloc,24,0x5dedc31cf260,24
485321730690,MEMORY,alloc,24,0x5dedc31cf280,24
485321730955,MEMORY,alloc,24,0x5dedc31cf2a0,24
485321731338,MEMORY,alloc,24,0x5dedc31cf2c0,24
485321731882,MEMORY,alloc,472,0x5dedc24d62a0,472
485321735620,MEMORY,free_unknown,0,0x5dedc24f3670,0
485321735906,MEMORY,alloc,24,0x5dedc31cf2e0,24
485321736222,MEMORY,alloc,24,0x5dedc31cf300,24
485321736600,MEMORY,alloc,24,0x5dedc31cf320,24
485321736831,MEMORY,alloc,24,0x5dedc31cf340,24
485321737151,MEMORY,alloc,24,0x5dedc31cf360,24
485321737451,MEMORY,alloc,24,0x5dedc31cf380,24
485321737730,MEMORY,alloc,24,0x5dedc31cf3a0,24
485321738101,MEMORY,alloc,24,0x5dedc31cf3c0,24
485321738504,MEMORY,alloc,24,0x5dedc31cf3e0,24
485321738851,MEMORY,alloc,24,0x5dedc31cf400,24
485321739118,MEMORY,alloc,24,0x5dedc31cf420,24
485321739420,MEMORY,alloc,24,0x5dedc31cf440,24
485321739711,MEMORY,alloc,24,0x5dedc31cf460,24
485321740004,MEMORY,alloc,24,0x5dedc31cf480,24
485321741590,MEMORY,alloc,40,0x5dedc24f0d60,40
485321742298,MEMORY,alloc,40,0x5dedc24f1c90,40
485321742829,MEMORY,alloc,40,0x5dedc24f0ad0,40
485321743348,MEMORY,alloc,40,0x5dedc31cf4a0,40
485321744003,MEMORY,alloc,88,0x5dedc24f02b0,88
485321749381,MEMORY,alloc,16,0x5dedc31cf8f0,16
485321749954,MEMORY,alloc,8,0x5dedc31cf910,8
485321750237,MEMORY,alloc,8,0x5dedc31cf930,8
485321755874,MEMORY,alloc,8,0x5dedc31cf950,8
485321756614,MEMORY,alloc,12,0x5dedc31cf970,12
485321758734,MEMORY,free_unknown,0,0x5dedc31cf970,0
485321780489,MEMORY,alloc,112,0x5dedc31cf990,112
485321780819,MEMORY,alloc,8,0x5dedc31cf970,8
485321781117,MEMORY,alloc,8,0x5dedc31cfa10,8
485321781322,MEMORY,alloc,8,0x5dedc31cfa30,8
485321781908,MEMORY,alloc,12,0x5dedc31cfa50,12
485321783547,MEMORY,free_unknown,0,0x5dedc31cfa50,0
485321818040,MEMORY,alloc,12,0x5dedc31cfa50,12
485321819866,MEMORY,free_unknown,0,0x5dedc31cfa50,0
485321840215,MEMORY,alloc,12,0x5dedc31cfa50,12
485321841727,MEMORY,free_unknown,0,0x5dedc31cfa50,0
485321850219,MEMORY,alloc,12,0x5dedc31cfa50,12
485321851730,MEMORY,free_unknown,0,0x5dedc31cfa50,0
485321867820,MEMORY,alloc,12,0x5dedc31cfa50,12
485321869272,MEMORY,free_unknown,0,0x5dedc31cfa50,0
485321878409,MEMORY,alloc,128,0x5dedc31cfa70,128
485321878672,MEMORY,alloc,8,0x5dedc31cfa50,8
485321878872,MEMORY,alloc,8,0x5dedc31cfb00,8
485321879098,MEMORY,alloc,8,0x5dedc31cfb20,8
485321882635,MEMORY,alloc,12,0x5dedc31cfb40,12
485321884673,MEMORY,free_unknown,0,0x5dedc31cfb40,0
485321900033,MEMORY,alloc,12,0x5dedc31cfb40,12
485321902866,MEMORY,free_unknown,0,0x5dedc31cfb40,0
485321908302,MEMORY,alloc,12,0x5dedc31cfb40,12
485321910575,MEMORY,free_unknown,0,0x5dedc31cfb40,0
485321918171,MEMORY,alloc,888,0x5dedc31cfb60,888
485321918688,MEMORY,alloc,176,0x5dedc24f5340,176
485321918968,MEMORY,alloc,8,0x5dedc31cfb40,8
485321919207,MEMORY,alloc,8,0x5dedc31cfee0,8
485321922515,MEMORY,alloc,8,0x5dedc31d0320,8
485321922769,MEMORY,alloc,128,0x5dedc31d0340,128
485321924009,MEMORY,alloc,24,0x5dedc31d03d0,24
485321925682,MEMORY,free_unknown,0,0x5dedc31d03d0,0
485321934076,MEMORY,alloc,24,0x5dedc31d03d0,24
485321935706,MEMORY,free_unknown,0,0x5dedc31d03d0,0
485321945899,MEMORY,alloc,24,0x5dedc31d03d0,24
485321947381,MEMORY,free_unknown,0,0x5dedc31d03d0,0
485321953276,MEMORY,alloc,24,0x5dedc31d03d0,24
485321955362,MEMORY,free_unknown,0,0x5dedc31d03d0,0
485321959632,MEMORY,alloc,24,0x5dedc31d03d0,24
485321962105,MEMORY,free_unknown,0,0x5dedc31d03d0,0
485321970042,MEMORY,alloc,24,0x5dedc31d03d0,24
485321972730,MEMORY,free_unknown,0,0x5dedc31d03d0,0
485321980174,MEMORY,alloc,1000,0x5dedc24da160,1000
485321980966,MEMORY,alloc,176,0x5dedc31d03f0,176
485321981299,MEMORY,alloc,8,0x5dedc31d03d0,8
485321981682,MEMORY,alloc,8,0x5dedc31d04b0,8
485321982045,MEMORY,alloc,8,0x5dedc31d04d0,8
485321983163,MEMORY,alloc,8,0x5dedc31d04f0,8
485321983600,MEMORY,alloc,16,0x5dedc31d0510,16
485321986544,MEMORY,free_unknown,0,0x5dedc31d04f0,0
485321986902,MEMORY,alloc,32,0x5dedc31d0530,32
485321988336,MEMORY,free_unknown,0,0x5dedc31d0510,0
485321988538,MEMORY,alloc,64,0x5dedc31d0560,64
485321989944,MEMORY,free_unknown,0,0x5dedc31d0530,0
485321990227,MEMORY,alloc,128,0x5dedc31d05b0,128
485321991722,MEMORY,free_unknown,0,0x5dedc31d0560,0
485321991997,MEMORY,alloc,256,0x5dedc31d0640,256
485321993396,MEMORY,free_unknown,0,0x5dedc31d05b0,0
485321993709,MEMORY,alloc,8,0x5dedc31d0510,8
485321993877,MEMORY,alloc,16,0x5dedc31d04f0,16
485321995402,MEMORY,free_unknown,0,0x5dedc31d0510,0
485321995522,MEMORY,alloc,32,0x5dedc31d0530,32
485321996908,MEMORY,free_unknown,0,0x5dedc31d04f0,0
485321997045,MEMORY,alloc,64,0x5dedc31d0560,64
485321998417,MEMORY,free_unknown,0,0x5dedc31d0530,0
485321998611,MEMORY,alloc,128,0x5dedc31d05b0,128
485321999973,MEMORY,free_unknown,0,0x5dedc31d0560,0
485322018531,MEMORY,alloc,256,0x5dedc31d0750,256
485322020497,MEMORY,free_unknown,0,0x5dedc31d05b0,0
485322020962,MEMORY,alloc,8,0x5dedc31d04f0,8
485322021107,MEMORY,alloc,16,0x5dedc31d0510,16
485322022452,MEMORY,free_unknown,0,0x5dedc31d04f0,0
485322022622,MEMORY,alloc,32,0x5dedc31d0530,32
485322023891,MEMORY,free_unknown,0,0x5dedc31d0510,0
485322024031,MEMORY,alloc,64,0x5dedc31d0560,64
485322025295,MEMORY,free_unknown,0,0x5dedc31d0530,0
485322025464,MEMORY,alloc,128,0x5dedc31d05b0,128
485322026780,MEMORY,free_unknown,0,0x5dedc31d0560,0
485322027059,MEMORY,alloc,256,0x5dedc31d0860,256
485322028374,MEMORY,free_unknown,0,0x5dedc31d05b0,0
485322028610,MEMORY,alloc,8,0x5dedc31d0510,8
485322028745,MEMORY,alloc,16,0x5dedc31d04f0,16
485322034041,MEMORY,free_unknown,0,0x5dedc31d0510,0
485322034196,MEMORY,alloc,32,0x5dedc31d0530,32
485322035284,MEMORY,free_unknown,0,0x5dedc31d04f0,0
485322035440,MEMORY,alloc,64,0x5dedc31d0560,64
485322036599,MEMORY,free_unknown,0,0x5dedc31d0530,0
485322036766,MEMORY,alloc,128,0x5dedc31d05b0,128
485322038051,MEMORY,free_unknown,0,0x5dedc31d0560,0
485322038315,MEMORY,alloc,256,0x5dedc31d0970,256
485322039460,MEMORY,free_unknown,0,0x5dedc31d05b0,0
485322043523,MEMORY,alloc,12,0x5dedc31d04f0,12
485322044912,MEMORY,free_unknown,0,0x5dedc31d04f0,0
485322109431,MEMORY,alloc,60,0x5dedc31d0560,60
485322112032,MEMORY,free_unknown,0,0x5dedc31d0560,0
485322118160,MEMORY,alloc,12,0x5dedc31d04f0,12
485322119635,MEMORY,free_unknown,0,0x5dedc31d04f0,0
485322132834,MEMORY,alloc,1000,0x5dedc31d0ea0,1000
485322133229,MEMORY,alloc,176,0x5dedc31d1290,176
485322133455,MEMORY,alloc,8,0x5dedc31d04f0,8
485322133635,MEMORY,alloc,8,0x5dedc31d0510,8
485322133858,MEMORY,alloc,8,0x5dedc31d1350,8
485322134348,MEMORY,alloc,8,0x5dedc31d1370,8
485322134611,MEMORY,alloc,16,0x5dedc31d1390,16
485322136263,MEMORY,free_unknown,0,0x5dedc31d1370,0
485322136510,MEMORY,alloc,32,0x5dedc31d0530,32
485322137806,MEMORY,free_unknown,0,0x5dedc31d1390,0
485322137987,MEMORY,alloc,64,0x5dedc31d0560,64
485322139305,MEMORY,free_unknown,0,0x5dedc31d0530,0
485322139545,MEMORY,alloc,128,0x5dedc31d05b0,128
485322140836,MEMORY,free_unknown,0,0x5dedc31d0560,0
485322141173,MEMORY,alloc,256,0x5dedc31d13b0,256
485322142469,MEMORY,free_unknown,0,0x5dedc31d05b0,0
485322142736,MEMORY,alloc,8,0x5dedc31d1390,8
485322142889,MEMORY,alloc,16,0x5dedc31d1370,16
485322144143,MEMORY,free_unknown,0,0x5dedc31d1390,0
485322144277,MEMORY,alloc,32,0x5dedc31d0530,32
485322145542,MEMORY,free_unknown,0,0x5dedc31d1370,0
485322145680,MEMORY,alloc,64,0x5dedc31d0560,64
485322146955,MEMORY,free_unknown,0,0x5dedc31d0530,0
485322147121,MEMORY,alloc,128,0x5dedc31d05b0,128
485322148396,MEMORY,free_unknown,0,0x5dedc31d0560,0
485322148659,MEMORY,alloc,256,0x5dedc31d14c0,256
485322149878,MEMORY,free_unknown,0,0x5dedc31d05b0,0
485322150091,MEMORY,alloc,8,0x5dedc31d1370,8
485322150243,MEMORY,alloc,16,0x5dedc31d1390,16
485322151526,MEMORY,free_unknown,0,0x5dedc31d1370,0
485322151648,MEMORY,alloc,32,0x5dedc31d0530,32
485322153024,MEMORY,free_unknown,0,0x5dedc31d1390,0
485322153157,MEMORY,alloc,64,0x5dedc31d0560,64
485322154410,MEMORY,free_unknown,0,0x5dedc31d0530,0
485322154572,MEMORY,alloc,128,0x5dedc31d05b0,128
485322155810,MEMORY,free_unknown,0,0x5dedc31d0560,0
485322156060,MEMORY,alloc,256,0x5dedc31d15d0,256
485322157326,MEMORY,free_unknown,0,0x5dedc31d05b0,0
485322157535,MEMORY,alloc,8,0x5dedc31d1390,8
485322157669,MEMORY,alloc,16,0x5dedc31d1370,16
485322158929,MEMORY,free_unknown,0,0x5dedc31d1390,0
485322159097,MEMORY,alloc,32,0x5dedc31d0530,32
485322160333,MEMORY,free_unknown,0,0x5dedc31d1370,0
485322160464,MEMORY,alloc,64,0x5dedc31d0560,64
485322161687,MEMORY,free_unknown,0,0x5dedc31d0530,0
485322161854,MEMORY,alloc,128,0x5dedc31d05b0,128
485322163156,MEMORY,free_unknown,0,0x5dedc31d0560,0
485322163426,MEMORY,alloc,256,0x5dedc31d16e0,256
485322164711,MEMORY,free_unknown,0,0x5dedc31d05b0,0
485322166270,MEMORY,alloc,156,0x5dedc31d17f0,156
485322168610,MEMORY,free_unknown,0,0x5dedc31d17f0,0
485322717172,MEMORY,alloc,72,0x5dedc31d0560,72
485322719511,MEMORY,alloc,4,0x5dedc31d1370,4
485322719745,MEMORY,alloc,4,0x5dedc31d1390,4
485322720444,MEMORY,alloc,4,0x5dedc31d18a0,4
485322720614,MEMORY,alloc,4,0x5dedc31d18c0,4
485322721453,MEMORY,alloc,72,0x5dedc31d18e0,72
485322721642,MEMORY,alloc,4,0x5dedc31d1930,4
485322722347,MEMORY,alloc,72,0x5dedc31d1950,72
485322722492,MEMORY,alloc,4,0x5dedc31d19a0,4
485322726117,MEMORY,free_unknown,0,0x5dedc31d18c0,0
485322727603,MEMORY,free_unknown,0,0x5dedc31d1390,0
485322728991,MEMORY,free_unknown,0,0x5dedc31d18a0,0
485322730454,MEMORY,free_unknown,0,0x5dedc31d1370,0
485322746794,MEMORY,alloc,8,0x5dedc31d1370,8
485322747220,MEMORY,alloc,4,0x5dedc31d18a0,4
485322747568,MEMORY,alloc,16,0x5dedc31d1390,16
485322747793,MEMORY,alloc,8,0x5dedc31d18c0,8
485322748727,MEMORY,alloc,12,0x5dedc31d1de0,12
485322749203,MEMORY,alloc,28,0x5dedc31d0530,28
485322752247,MEMORY,alloc,48,0x5dedc24f0b40,48
485322752737,MEMORY,alloc,6,0x5dedc31d1e00,6
485322753223,MEMORY,alloc,16,0x5dedc31d1e20,16
485322753689,MEMORY,alloc,18,0x5dedc31d1e40,18
485322753984,MEMORY,alloc,2,0x5dedc31d1e60,2
485322754401,MEMORY,alloc,52,0x5dedc31d1e80,52
485322754844,MEMORY,alloc,4,0x5dedc31d1ec0,4
485322755263,MEMORY,alloc,16,0x5dedc31d1ee0,16
485322755671,MEMORY,alloc,32,0x5dedc31d1f00,32
485323323526,REVERSE,libigdrcl_loaded,103275748488400,0x5dedc24d74d0,0
485323332690,MEMORY,alloc,87,0x5dedc31d1f30,87
485323333979,MEMORY,alloc,24,0x5dedc31d1f90,24
485323334982,REVERSE,symbol_missing,0,(nil),0
485323338490,MEMORY,free_unknown,0,0x5dedc31d1f30,0
485323339451,MEMORY,alloc,85,0x5dedc31d1f30,85
485323340603,REVERSE,symbol_missing,0,(nil),1
485323341978,MEMORY,free_unknown,0,0x5dedc31d1f30,0
485323342604,MEMORY,alloc,86,0x5dedc31d1f30,86
485323343223,REVERSE,symbol_missing,0,(nil),2
485323344579,MEMORY,free_unknown,0,0x5dedc31d1f30,0
485323345444,MEMORY,alloc,91,0x5dedc2c25750,91
485323346114,REVERSE,symbol_missing,0,(nil),3
485323347503,MEMORY,free_unknown,0,0x5dedc2c25750,0
485323348192,MEMORY,alloc,96,0x5dedc2c25750,96
485323348714,REVERSE,symbol_missing,0,(nil),4
485323350055,MEMORY,free_unknown,0,0x5dedc2c25750,0
485323350639,MEMORY,alloc,85,0x5dedc31d1f30,85
485323351149,REVERSE,symbol_missing,0,(nil),5
485323352497,MEMORY,free_unknown,0,0x5dedc31d1f30,0
485323352893,MEMORY,alloc,85,0x5dedc31d1f30,85
485323353381,REVERSE,symbol_missing,0,(nil),6
485323354753,MEMORY,free_unknown,0,0x5dedc31d1f30,0
485323355231,MEMORY,alloc,85,0x5dedc31d1f30,85
485323355705,REVERSE,symbol_missing,0,(nil),7
485323357023,MEMORY,free_unknown,0,0x5dedc31d1f30,0
485323357520,MEMORY,alloc,85,0x5dedc31d1f30,85
485323357995,REVERSE,symbol_missing,0,(nil),8
485323359326,MEMORY,free_unknown,0,0x5dedc31d1f30,0
485323359898,MEMORY,alloc,93,0x5dedc2c25750,93
485323360406,REVERSE,symbol_missing,0,(nil),9
485323361715,MEMORY,free_unknown,0,0x5dedc2c25750,0
485323362232,MEMORY,alloc,79,0x5dedc31d1f30,79
485323362728,REVERSE,symbol_missing,0,(nil),10
485323364012,MEMORY,free_unknown,0,0x5dedc31d1f30,0
485323364464,MEMORY,alloc,90,0x5dedc2c25750,90
485323364968,REVERSE,symbol_missing,0,(nil),11
485323365196,REVERSE,libigdrcl_analyzed,3395,(nil),0
485323365639,REVERSE,libigdgmm_start,0,(nil),0
485323367061,MEMORY,free_unknown,0,0x5dedc2c25750,0
485323383797,MEMORY,alloc,104,0x5dedc2c25750,104
485323386207,MEMORY,free,72,0x5dedc24d8f70,0
485323390833,MEMORY,free_unknown,0,0x5dedc31d1f90,0
485323390964,REVERSE,libigdgmm_loaded,103275748489824,0x5dedc24d7a60,0
485323392352,MEMORY,alloc,77,0x5dedc31d1f30,77
485323392648,MEMORY,alloc,24,0x5dedc31d1f90,24
485323393202,REVERSE,gmm_symbol_missing,0,(nil),0
485323394644,MEMORY,free_unknown,0,0x5dedc31d1f30,0
485323395189,MEMORY,alloc,80,0x5dedc31d1f30,80
485323395714,REVERSE,gmm_symbol_missing,0,(nil),1
485323396913,MEMORY,free_unknown,0,0x5dedc31d1f30,0
485323397380,MEMORY,alloc,82,0x5dedc31d1f30,82
485323397870,REVERSE,gmm_symbol_missing,0,(nil),2
485323399134,MEMORY,free_unknown,0,0x5dedc31d1f30,0
485323399661,MEMORY,alloc,83,0x5dedc31d1f30,83
485323400152,REVERSE,gmm_symbol_missing,0,(nil),3
485323400299,REVERSE,libigdgmm_analyzed,3414,(nil),0
485323400540,OPENCL,test_start,0,(nil),0
485325304558,MEMORY,alloc,32816,0x5dedc31d1fb0,32816
485325808189,MEMORY,alloc,24,0x5dedc31d9ff0,24
485325913690,MEMORY,alloc,30,0x5dedc31da010,30
485325916648,MEMORY,alloc,472,0x5dedc31da040,472
485326111802,MEMORY,free_unknown,0,0x5dedc31da010,0
485326229909,MEMORY,alloc,4096,0x5dedc31da220,4096
485327052685,MEMORY,alloc,53,0x5dedc31db230,53
485327182688,MEMORY,free_unknown,0,0x5dedc31da220,0
485327185094,MEMORY,free_unknown,0,0x5dedc31da040,0
485327188848,MEMORY,free_unknown,0,0x5dedc31d1f30,0
485327196772,MEMORY,free_unknown,0,0x5dedc31d1f90,0
485327197925,MEMORY,free_unknown,0,0x5dedc31db230,0
485327568313,MEMORY,alloc,18,0x5dedc31d1f90,18
485327728510,MEMORY,free_unknown,0,0x5dedc31d1f90,0
485327736708,MEMORY,alloc,256,0x5dedc31da220,256
485328050245,MEMORY,alloc,184,0x5dedc31da330,184
485328051287,MEMORY,alloc,512,0x5dedc31da3f0,512
485328051465,MEMORY,alloc,512,0x5dedc31da600,512
485328051653,MEMORY,alloc,512,0x5dedc31da810,512
485328666277,MEMORY,alloc,8,0x5dedc31d1f90,8
485328668271,MEMORY,alloc,17,0x5dedc31daa20,17
485329656352,MEMORY,alloc,32816,0x5dedc31db270,32816
485329905399,MEMORY,alloc,31,0x5dedc31da010,31
485329906263,MEMORY,alloc,61,0x5dedc24d8f70,61
485329910020,MEMORY,free_unknown,0,0x5dedc31da010,0
485329910797,MEMORY,alloc,32,0x5dedc31da010,32
485329911620,MEMORY,alloc,39,0x5dedc31daa40,39
485329913241,MEMORY,free_unknown,0,0x5dedc24d8f70,0
485329913672,MEMORY,alloc,31,0x5dedc31daa70,31
485329913885,MEMORY,alloc,61,0x5dedc24d8f70,61
485329915296,MEMORY,free_unknown,0,0x5dedc31daa70,0
485329915600,MEMORY,alloc,64,0x5dedc31daaa0,64
485329915767,MEMORY,alloc,41,0x5dedc31db230,41
485329917280,MEMORY,free_unknown,0,0x5dedc31da010,0
485329918699,MEMORY,free_unknown,0,0x5dedc24d8f70,0
485329984566,MEMORY,free_unknown,0,0x5dedc31db270,0
485330189063,MEMORY,free_unknown,0,0x5dedc31daa20,0
485330690468,MEMORY,alloc,80,0x5dedc31d1f30,80
485330691653,MEMORY,alloc,41,0x5dedc31daaf0,41
485330691921,MEMORY,alloc,8,0x5dedc31daa20,8
485330695221,MEMORY,free_unknown,0,0x5dedc31daa40,0
485330696823,MEMORY,free_unknown,0,0x5dedc31db230,0
485330698259,MEMORY,free_unknown,0,0x5dedc31daaa0,0
485330699790,MEMORY,alloc,8,0x5dedc31dab30,8
485330700531,MEMORY,alloc,304,0x5dedc24f3760,304
485330701073,MEMORY,alloc,8,0x5dedc31dab50,8
485330701346,MEMORY,alloc,16,0x5dedc31dab70,16
485330702791,MEMORY,free_unknown,0,0x5dedc31dab50,0
485330703067,MEMORY,alloc,32,0x5dedc31daa40,32
485330704425,MEMORY,free_unknown,0,0x5dedc31dab70,0
485330705139,MEMORY,alloc,2056,0x5dedc31db270,2056
485330705794,MEMORY,alloc,8,0x5dedc31dab70,8
485330706311,MEMORY,alloc,1032,0x5dedc31dab90,1032
485330716269,MEMORY,alloc,448,0x5dedc31dafa0,448
485330981538,MEMORY,alloc,8,0x5dedc31dab50,8
485330982496,MEMORY,alloc,8,0x5dedc31db170,8
485330990197,MEMORY,alloc,8,0x5dedc31db190,8
485330990743,MEMORY,alloc,8,0x5dedc31db1b0,8
485330992064,MEMORY,alloc,22,0x5dedc31db1d0,22
485330992657,MEMORY,alloc,43,0x5dedc31db230,43
485330995311,MEMORY,free_unknown,0,0x5dedc31db1d0,0
485330996148,MEMORY,alloc,43,0x5dedc31db1f0,43
485330996631,MEMORY,alloc,38,0x5dedc31da010,38
485331279971,MEMORY,alloc,32816,0x5dedc31dba80,32816
485331345538,MEMORY,alloc,38,0x5dedc31daa70,38
485331346434,MEMORY,alloc,75,0x5dedc31e3ac0,75
485331349198,MEMORY,free_unknown,0,0x5dedc31daa70,0
485331349836,MEMORY,alloc,32,0x5dedc31daa70,32
485331350134,MEMORY,alloc,49,0x5dedc31e3b20,49
485331351658,MEMORY,free_unknown,0,0x5dedc31e3ac0,0
485331351961,MEMORY,alloc,38,0x5dedc31e3b60,38
485331352180,MEMORY,alloc,75,0x5dedc31e3ac0,75
485331353604,MEMORY,free_unknown,0,0x5dedc31e3b60,0
485331353923,MEMORY,alloc,64,0x5dedc31daaa0,64
485331354048,MEMORY,alloc,44,0x5dedc31e3b90,44
485331355442,MEMORY,free_unknown,0,0x5dedc31daa70,0
485331356881,MEMORY,free_unknown,0,0x5dedc31e3ac0,0
485331357052,MEMORY,alloc,38,0x5dedc31daa70,38
485331357169,MEMORY,alloc,75,0x5dedc31e3ac0,75
485331358541,MEMORY,free_unknown,0,0x5dedc31daa70,0
485331359097,MEMORY,alloc,128,0x5dedc31d05b0,128
485331359218,MEMORY,alloc,49,0x5dedc31e3bd0,49
485331360617,MEMORY,free_unknown,0,0x5dedc31daaa0,0
485331362023,MEMORY,free_unknown,0,0x5dedc31e3ac0,0
485331418157,MEMORY,free_unknown,0,0x5dedc31dba80,0
485331473975,MEMORY,free_unknown,0,0x5dedc31da010,0
485331476247,MEMORY,alloc,44,0x5dedc31dba80,44
485331477701,MEMORY,free_unknown,0,0x5dedc31e3b20,0
485331479076,MEMORY,free_unknown,0,0x5dedc31e3b90,0
485331480434,MEMORY,free_unknown,0,0x5dedc31e3bd0,0
485331481830,MEMORY,free_unknown,0,0x5dedc31d05b0,0
485331483226,MEMORY,free_unknown,0,0x5dedc31db1f0,0
485331484645,MEMORY,free_unknown,0,0x5dedc31db230,0
485331485114,MEMORY,alloc,64,0x5dedc31daaa0,64
485331490641,MEMORY,alloc,472,0x5dedc31da040,472
485331610202,MEMORY,free_unknown,0,0x5dedc31da040,0
485331614639,MEMORY,free_unknown,0,0x5dedc31daaa0,0
485331616104,MEMORY,free_unknown,0,0x5dedc31dba80,0
485331616747,MEMORY,alloc,32,0x5dedc31da010,32
485332372438,MEMORY,alloc,32,0x5dedc31daa70,32
485332440450,MEMORY,alloc,4,0x5dedc31db1d0,4
485332441103,MEMORY,alloc,16,0x5dedc31dbac0,16
485332441826,MEMORY,alloc,64,0x5dedc31daaa0,64
485332443020,MEMORY,alloc,104,0x5dedc31dbae0,104
485332450228,MEMORY,alloc,4,0x5dedc31dbb50,4
485332450457,MEMORY,alloc,12,0x5dedc31dbb70,12
485332453454,MEMORY,free_unknown,0,0x5dedc31dbac0,0
485332454913,MEMORY,free_unknown,0,0x5dedc31db1d0,0
485332456319,MEMORY,free_unknown,0,0x5dedc31daa70,0
485332606395,MEMORY,alloc,120,0x5dedc31dbb90,120
485332874169,MEMORY,alloc,104,0x5dedc31dbc10,104
485332929871,MEMORY,alloc,24,0x5dedc31db1d0,24
485332930205,MEMORY,alloc,80,0x5dedc31e3ac0,80
485332930636,MEMORY,alloc,24,0x5dedc31dbac0,24
485332933437,MEMORY,free_unknown,0,0x5dedc31db1d0,0
485332934815,MEMORY,free_unknown,0,0x5dedc31dbc10,0
485332996470,MEMORY,alloc,240,0x5dedc31dbc80,240
485333082160,MEMORY,alloc,64,0x5dedc24d8f70,64
485333082832,MEMORY,alloc,96,0x5dedc31dbc10,96
485333083600,MEMORY,alloc,64,0x5dedc31dbd80,64
485333083880,MEMORY,alloc,48,0x5dedc31dba80,48
485333084031,MEMORY,alloc,40,0x5dedc31daa70,40
485333085207,MEMORY,alloc,40,0x5dedc31e3b60,40
485333085503,MEMORY,alloc,40,0x5dedc31dbdd0,40
485333086194,MEMORY,alloc,40,0x5dedc31dbe00,40
485333086492,MEMORY,alloc,40,0x5dedc31dbe30,40
485333086937,MEMORY,alloc,40,0x5dedc31dbe60,40
485333089747,MEMORY,free_unknown,0,0x5dedc24d8f70,0
485333091124,MEMORY,free_unknown,0,0x5dedc31dbc80,0
485333513339,MEMORY,alloc,32,0x5dedc31dbe90,32
485333870505,MEMORY,alloc,4,0x5dedc31db1d0,4
485333873782,MEMORY,alloc,16,0x5dedc31dbec0,16
485333931344,MEMORY,alloc,32,0x5dedc31dbee0,32
485333985482,MEMORY,alloc,4,0x5dedc31dbf10,4
485333985674,MEMORY,alloc,16,0x5dedc31dbf30,16
485333988756,MEMORY,free_unknown,0,0x5dedc31dbb70,0
485333990273,MEMORY,free_unknown,0,0x5dedc31dbb50,0
485333991653,MEMORY,free_unknown,0,0x5dedc31daaa0,0
485333992000,MEMORY,alloc,64,0x5dedc31daaa0,64
485333992265,MEMORY,alloc,4,0x5dedc31dbb50,4
485333992424,MEMORY,alloc,12,0x5dedc31dbb70,12
485333993881,MEMORY,free_unknown,0,0x5dedc31dbf30,0
485333995299,MEMORY,free_unknown,0,0x5dedc31dbf10,0
485333996594,MEMORY,free_unknown,0,0x5dedc31dbee0,0
485334069394,MEMORY,alloc,22,0x5dedc31dbf10,22
485334069992,MEMORY,alloc,43,0x5dedc31db230,43
485334072132,MEMORY,free_unknown,0,0x5dedc31dbf10,0
485334072540,MEMORY,alloc,43,0x5dedc31db1f0,43
485334072908,MEMORY,alloc,38,0x5dedc31dbee0,38
485334263374,MEMORY,alloc,32816,0x5dedc31e3c10,32816
485334331286,MEMORY,alloc,38,0x5dedc31dbf50,38
485334331645,MEMORY,alloc,75,0x5dedc31dbf80,75
485334334515,MEMORY,free_unknown,0,0x5dedc31dbf50,0
485334335205,MEMORY,alloc,32,0x5dedc31dbf50,32
485334335338,MEMORY,alloc,49,0x5dedc31e3bd0,49
485334336889,MEMORY,free_unknown,0,0x5dedc31dbf80,0
485334342766,MEMORY,alloc,38,0x5dedc31dbfe0,38
485334343284,MEMORY,alloc,75,0x5dedc31dbf80,75
485334345568,MEMORY,free_unknown,0,0x5dedc31dbfe0,0
485334346058,MEMORY,alloc,64,0x5dedc24d8f70,64
485334346183,MEMORY,alloc,44,0x5dedc31e3b90,44
485334348183,MEMORY,free_unknown,0,0x5dedc31dbf50,0
485334350168,MEMORY,free_unknown,0,0x5dedc31dbf80,0
485334350523,MEMORY,alloc,38,0x5dedc31dbf50,38
485334350779,MEMORY,alloc,75,0x5dedc31dbf80,75
485334352818,MEMORY,free_unknown,0,0x5dedc31dbf50,0
485334353203,MEMORY,alloc,128,0x5dedc31d05b0,128
485334353386,MEMORY,alloc,49,0x5dedc31e3b20,49
485334355400,MEMORY,free_unknown,0,0x5dedc24d8f70,0
485334357320,MEMORY,free_unknown,0,0x5dedc31dbf80,0
485334416468,MEMORY,free_unknown,0,0x5dedc31e3c10,0
485334475402,MEMORY,free_unknown,0,0x5dedc31dbee0,0
485334476991,MEMORY,alloc,44,0x5dedc31dc010,44
485334478478,MEMORY,free_unknown,0,0x5dedc31e3bd0,0
485334479846,MEMORY,free_unknown,0,0x5dedc31e3b90,0
485334481203,MEMORY,free_unknown,0,0x5dedc31e3b20,0
485334482584,MEMORY,free_unknown,0,0x5dedc31d05b0,0
485334483876,MEMORY,free_unknown,0,0x5dedc31db1f0,0
485334485239,MEMORY,free_unknown,0,0x5dedc31db230,0
485334485877,MEMORY,alloc,17,0x5dedc31dbf10,17
485334486230,MEMORY,alloc,60,0x5dedc24d8f70,60
485334487813,MEMORY,free_unknown,0,0x5dedc31dbf10,0
485334490105,MEMORY,alloc,472,0x5dedc31da040,472
485334618015,MEMORY,alloc,8192,0x5dedc31dc050,8192
485334700677,MEMORY,free_unknown,0,0x5dedc31dc050,0
485334768587,MEMORY,free_unknown,0,0x5dedc31da040,0
485334772163,MEMORY,free_unknown,0,0x5dedc24d8f70,0
485334773595,MEMORY,free_unknown,0,0x5dedc31dc010,0
485335228611,MEMORY,alloc,112,0x5dedc31dc050,112
485335464805,MEMORY,alloc,40,0x5dedc31dbee0,40
485335467671,MEMORY,alloc,32,0x5dedc31dbf50,32
485335468324,MEMORY,alloc,16,0x5dedc31dbf10,16
485335480073,MEMORY,alloc,16,0x5dedc31dbf30,16
485335487326,MEMORY,alloc,13896,0x5dedc31dc0d0,13896
485335495162,MEMORY,alloc,13752,0x5dedc31df720,13752
485335519270,MEMORY,alloc,40,0x5dedc31dbfe0,40
485335554474,MEMORY,alloc,16,0x5dedc31e2ce0,16
485335554844,MEMORY,alloc,80,0x5dedc31dbf80,80
485335850136,MEMORY,free_unknown,0,0x5dedc31daa20,0
485335852911,MEMORY,alloc,1176,0x5dedc31e2d00,1176
485336306188,MEMORY,alloc,88,0x5dedc31e31a0,88
485336306617,MEMORY,alloc,200,0x5dedc31e3200,200
485336307818,MEMORY,alloc,4,0x5dedc31daa20,4
485336308096,MEMORY,alloc,4,0x5dedc31e32d0,4
485336308708,MEMORY,alloc,8,0x5dedc31e32f0,8
485336309697,MEMORY,alloc,16,0x5dedc31e3310,16
485336563431,MEMORY,alloc,8,0x5dedc31e3330,8
485336570576,MEMORY,alloc,8,0x5dedc31e3350,8
485336570895,MEMORY,alloc,16,0x5dedc31e3370,16
485336571346,MEMORY,alloc,8,0x5dedc31e3390,8
485336571555,MEMORY,alloc,8,0x5dedc31e33b0,8
485336572266,MEMORY,alloc,8,0x5dedc31e33d0,8
485336572645,MEMORY,alloc,8,0x5dedc31e33f0,8
485336572889,MEMORY,alloc,384,0x5dedc31e3410,384
485336573311,MEMORY,alloc,8,0x5dedc31e35a0,8
485336573565,MEMORY,alloc,8,0x5dedc31e35c0,8
485336838249,MEMORY,alloc,1,0x5dedc31e35e0,1
485336838643,MEMORY,alloc,8,0x5dedc31e3600,8
485336839530,MEMORY,alloc,24,0x5dedc31e3620,24
485336840335,MEMORY,alloc,48,0x5dedc31dc010,48
485336843713,MEMORY,free_unknown,0,0x5dedc31e3620,0
485337194379,MEMORY,alloc,136,0x5dedc31d05b0,136
485337194543,MEMORY,alloc,160,0x5dedc31d17f0,160
485337194990,MEMORY,alloc,800,0x5dedc31e3640,800
485337195535,MEMORY,alloc,136,0x5dedc31e3970,136
485337196003,MEMORY,alloc,160,0x5dedc31e3a00,160
485337196782,MEMORY,alloc,800,0x5dedc31e3c10,800
485337197246,MEMORY,alloc,136,0x5dedc31e3f40,136
485337207168,MEMORY,alloc,160,0x5dedc31e3fd0,160
485337207505,MEMORY,alloc,800,0x5dedc31e4080,800
485337207969,MEMORY,alloc,136,0x5dedc31e43b0,136
485337208108,MEMORY,alloc,160,0x5dedc31e4440,160
485337208277,MEMORY,alloc,800,0x5dedc31e44f0,800
485337208475,MEMORY,alloc,136,0x5dedc31e4820,136
485337208617,MEMORY,alloc,160,0x5dedc31e48b0,160
485337208756,MEMORY,alloc,800,0x5dedc31e4960,800
485337209000,MEMORY,alloc,136,0x5dedc31e4c90,136
485337209110,MEMORY,alloc,160,0x5dedc31e4d20,160
485337211812,MEMORY,alloc,800,0x5dedc31e4dd0,800
485337212093,MEMORY,alloc,136,0x5dedc31e5100,136
485337212209,MEMORY,alloc,160,0x5dedc31e5190,160
485337212329,MEMORY,alloc,800,0x5dedc31e5240,800
485337212514,MEMORY,alloc,136,0x5dedc31e5570,136
485337212628,MEMORY,alloc,160,0x5dedc31e5600,160
485337212740,MEMORY,alloc,800,0x5dedc31e56b0,800
485337212923,MEMORY,alloc,136,0x5dedc31e59e0,136
485337213038,MEMORY,alloc,160,0x5dedc31e5a70,160
485337213150,MEMORY,alloc,800,0x5dedc31e5b20,800
485337213315,MEMORY,alloc,136,0x5dedc31e5e50,136
485337213427,MEMORY,alloc,160,0x5dedc31e5ee0,160
485337216045,MEMORY,alloc,800,0x5dedc31e5f90,800
485337373739,MEMORY,alloc,24,0x5dedc31e3620,24
485337374985,MEMORY,alloc,208,0x5dedc31e62c0,208
485337375609,MEMORY,alloc,64,0x5dedc24d8f70,64
485337375785,MEMORY,alloc,512,0x5dedc31e63a0,512
485337987667,MEMORY,alloc,16,0x5dedc31e6710,16
485337996943,MEMORY,alloc,8192,0x5dedc31e6730,8192
485338010872,MEMORY,alloc,8,0x5dedc31e8740,8
485338129303,MEMORY,alloc,200,0x5dedc31e8760,200
485338130593,MEMORY,alloc,4,0x5dedc31e8830,4
485338132101,MEMORY,alloc,8,0x5dedc31e8850,8
485338133271,MEMORY,alloc,616,0x5dedc31e8870,616
485338134000,MEMORY,alloc,96,0x5dedc31e8ae0,96
485338143759,MEMORY,alloc,1392,0x5dedc31e8b50,1392
485338339949,MEMORY,alloc,1024,0x5dedc31e90d0,1024
485338340120,MEMORY,alloc,48,0x5dedc31db230,48
485338340526,MEMORY,alloc,8,0x5dedc31e94e0,8
485338340908,MEMORY,alloc,32,0x5dedc31e9500,32
485338341140,MEMORY,alloc,152,0x5dedc31e9530,152
485338827927,MEMORY,alloc,64,0x7327b0000b70,64
485338828746,MEMORY,alloc,512,0x7327b0000bc0,512
485338887715,MEMORY,alloc,128,0x5dedc31e95d0,128
485338888408,MEMORY,alloc,24,0x5dedc31e9660,24
485338889790,MEMORY,alloc,72,0x5dedc31e9680,72
485339123304,MEMORY,alloc,4096,0x5dedc31e96d0,4096
485339129099,MEMORY,alloc,28672,0x5dedc31ea6e0,28672
485339132237,MEMORY,alloc,40,0x5dedc31f16f0,40
485339133314,MEMORY,alloc,200,0x5dedc31f1720,200
485339134039,MEMORY,alloc,16,0x5dedc31f17f0,16
485339496224,MEMORY,alloc,4,0x5dedc31f1810,4
485339552351,MEMORY,alloc,40,0x5dedc31f1830,40
485339818526,MEMORY,alloc,8192,0x7327b7d2c000,8192
485339821415,MEMORY,alloc,4,0x5dedc31f1860,4
485339896204,MEMORY,free_unknown,0,0x5dedc31f1860,0
485339897672,MEMORY,alloc,200,0x5dedc31f1880,200
485339898619,MEMORY,alloc,4,0x5dedc31f1860,4
485340101114,MEMORY,alloc,4096,0x7327b7d2c000,4096
485340102342,MEMORY,alloc,1696,0x5dedc31f1950,1696
485340277675,MEMORY,alloc,8,0x5dedc31f2000,8
485340279076,MEMORY,alloc,32,0x5dedc31f2020,32
485340281944,MEMORY,free_unknown,0,0x7327b7d2d000,0
485340363727,MEMORY,alloc,8,0x5dedc31f2050,8
485340483008,MEMORY,alloc,10485760,0x7327b4bff000,10485760
485340485074,MEMORY,alloc,4,0x5dedc31f2070,4
485340552381,MEMORY,free_unknown,0,0x5dedc31f2070,0
485340553596,MEMORY,alloc,200,0x5dedc31f2090,200
485340554310,MEMORY,alloc,4,0x5dedc31f2070,4
485340700439,MEMORY,alloc,8388608,0x7327b4c00000,8388608
485340701321,MEMORY,alloc,1696,0x5dedc31f2160,1696
485340701763,MEMORY,alloc,8,0x5dedc31f2810,8
485340702312,MEMORY,alloc,32,0x5dedc31f2830,32
485340704989,MEMORY,free_unknown,0,0x7327b5400000,0
485340775071,MEMORY,alloc,16,0x5dedc31f2860,16
485340778809,MEMORY,free_unknown,0,0x5dedc31f2050,0
485340781910,MEMORY,alloc,16,0x5dedc31f2050,16
485340782955,MEMORY,alloc,32,0x5dedc31f2880,32
485340783341,MEMORY,alloc,16,0x5dedc31f28b0,16
485340783821,MEMORY,alloc,8,0x5dedc31f28d0,8
485340785163,MEMORY,alloc,1392,0x5dedc31f28f0,1392
485340794196,MEMORY,alloc,1024,0x5dedc31f2e70,1024
485340794532,MEMORY,alloc,48,0x5dedc31db1f0,48
485340795142,MEMORY,alloc,8,0x5dedc31f3280,8
485340795454,MEMORY,alloc,32,0x5dedc31f32a0,32
485340795798,MEMORY,alloc,152,0x5dedc31f32d0,152
485340798376,MEMORY,alloc,128,0x5dedc31f3370,128
485340798841,MEMORY,alloc,24,0x5dedc31f3400,24
485340800035,MEMORY,alloc,72,0x5dedc31f3420,72
485340804409,MEMORY,alloc,4096,0x5dedc31f3470,4096
485340808028,MEMORY,alloc,28672,0x5dedc31f4480,28672
485340809836,MEMORY,alloc,200,0x5dedc31fb490,200
485340810362,MEMORY,alloc,32,0x5dedc31fb560,32
485340813240,MEMORY,free_unknown,0,0x5dedc31f17f0,0
485340813881,MEMORY,alloc,40,0x5dedc31fb590,40
485340926840,MEMORY,alloc,8192,0x7327b7d2a000,8192
485340928730,MEMORY,alloc,4,0x5dedc31f17f0,4
485340999324,MEMORY,free_unknown,0,0x5dedc31f17f0,0
485341023768,MEMORY,alloc,200,0x5dedc31fb5c0,200
485341024570,MEMORY,alloc,4,0x5dedc31f17f0,4
485341201201,MEMORY,alloc,4096,0x7327b7d2a000,4096
485341203049,MEMORY,alloc,1696,0x5dedc31fb690,1696
485341203857,MEMORY,alloc,8,0x5dedc31fbd40,8
485341204937,MEMORY,alloc,32,0x5dedc31fbd60,32
485341208504,MEMORY,free_unknown,0,0x7327b7d2b000,0
485341285529,MEMORY,alloc,32,0x5dedc31fbd90,32
485341288160,MEMORY,free_unknown,0,0x5dedc31f2860,0
485341401141,MEMORY,alloc,10485760,0x7327b41ff000,10485760
485341403513,MEMORY,alloc,4,0x5dedc31f2860,4
485341476948,MEMORY,free_unknown,0,0x5dedc31f2860,0
485341478320,MEMORY,alloc,200,0x5dedc31fbdc0,200
485341479037,MEMORY,alloc,4,0x5dedc31f2860,4
485341619122,MEMORY,alloc,8388608,0x7327b4200000,8388608
485341692894,MEMORY,alloc,1696,0x5dedc31fbe90,1696
485341693750,MEMORY,alloc,8,0x5dedc31fc540,8
485341694347,MEMORY,alloc,32,0x5dedc31fc560,32
485341697042,MEMORY,free_unknown,0,0x7327b4a00000,0
485341754691,MEMORY,alloc,32,0x5dedc31fc590,32
485341756890,MEMORY,free_unknown,0,0x5dedc31f2050,0
485341757316,MEMORY,alloc,16,0x5dedc31f2050,16
485341758691,MEMORY,free_unknown,0,0x5dedc31f28d0,0
485341759898,MEMORY,alloc,1392,0x5dedc31fc5c0,1392
485341760466,MEMORY,alloc,1024,0x5dedc31fcb40,1024
485341760615,MEMORY,alloc,48,0x5dedc31e3b20,48
485341760835,MEMORY,alloc,8,0x5dedc31f28d0,8
485341761091,MEMORY,alloc,32,0x5dedc31fcf50,32
485341765123,MEMORY,alloc,152,0x5dedc31fcf80,152
485341767596,MEMORY,alloc,128,0x5dedc31fd020,128
485341767891,MEMORY,alloc,24,0x5dedc31fd0b0,24
485341768645,MEMORY,alloc,72,0x5dedc31fd0d0,72
485341771934,MEMORY,alloc,4096,0x5dedc31fd120,4096
485341776904,MEMORY,alloc,28672,0x5dedc31fe130,28672
485341932227,MEMORY,alloc,200,0x5dedc3205140,200
485341932721,MEMORY,alloc,64,0x5dedc3205210,64
485341935333,MEMORY,free_unknown,0,0x5dedc31fb560,0
485342209945,MEMORY,alloc,4,0x5dedc3205260,4
485342263865,MEMORY,alloc,40,0x5dedc31fb560,40
485342353335,MEMORY,alloc,8192,0x7327b7d28000,8192
485342355239,MEMORY,alloc,4,0x5dedc3205280,4
485342419981,MEMORY,free_unknown,0,0x5dedc3205280,0
485342420795,MEMORY,alloc,200,0x5dedc32052a0,200
485342421295,MEMORY,alloc,4,0x5dedc3205280,4
485342559692,MEMORY,alloc,4096,0x7327b7d28000,4096
485342560479,MEMORY,alloc,1696,0x5dedc3205370,1696
485342560877,MEMORY,alloc,8,0x5dedc3205a20,8
485342561356,MEMORY,alloc,32,0x5dedc3205a40,32
485342563815,MEMORY,free_unknown,0,0x7327b7d29000,0
485342627299,MEMORY,alloc,64,0x5dedc3205a70,64
485342629734,MEMORY,free_unknown,0,0x5dedc31fbd90,0
485342902668,MEMORY,alloc,10485760,0x7327af600000,10485760
485342904507,MEMORY,alloc,4,0x5dedc3205ac0,4
485343015102,MEMORY,free_unknown,0,0x5dedc3205ac0,0
485343016700,MEMORY,alloc,200,0x5dedc3205ae0,200
485343017302,MEMORY,alloc,4,0x5dedc3205ac0,4
485343312355,MEMORY,alloc,8388608,0x7327af600000,8388608
485343319817,MEMORY,alloc,1696,0x5dedc3205bb0,1696
485343320351,MEMORY,alloc,8,0x5dedc3206260,8
485343320962,MEMORY,alloc,32,0x5dedc31fbd90,32
485343323554,MEMORY,free_unknown,0,0x7327afe00000,0
485343431948,MEMORY,alloc,64,0x5dedc3206280,64
485343434377,MEMORY,free_unknown,0,0x5dedc31fc590,0
485343434613,MEMORY,alloc,32,0x5dedc31fc590,32
485343436001,MEMORY,free_unknown,0,0x5dedc31f2050,0
485343437214,MEMORY,alloc,48,0x5dedc31e3b90,48
485343437646,MEMORY,alloc,48,0x5dedc31e3bd0,48
485344266405,MEMORY,alloc,26,0x5dedc32062d0,26
485344267184,MEMORY,alloc,31,0x5dedc3206300,31
485344269832,MEMORY,free_unknown,0,0x5dedc32062d0,0
485345285908,MEMORY,alloc,19,0x5dedc31f2050,19
485345286459,MEMORY,alloc,32,0x5dedc32062d0,32
485345673638,MEMORY,free_unknown,0,0x5dedc32062d0,0
485345675319,MEMORY,free_unknown,0,0x5dedc31f2050,0
485345675876,MEMORY,alloc,19,0x5dedc31f2050,19
485345676297,MEMORY,alloc,32,0x5dedc32062d0,32
485345678144,MEMORY,free_unknown,0,0x5dedc31f2050,0
485345680699,MEMORY,alloc,88,0x5dedc3206330,88
485345681540,MEMORY,alloc,32,0x5dedc3206390,32
485345682803,MEMORY,free_unknown,0,0x5dedc32062d0,0
485345683133,MEMORY,alloc,208,0x5dedc32063c0,208
485345693454,MEMORY,alloc,16,0x5dedc31f2050,16
485346031523,MEMORY,alloc,37,0x5dedc32062d0,37
485347170043,MEMORY,alloc,37,0x5dedc3206990,37
485348235713,MEMORY,alloc,44,0x5dedc32069c0,44
485348916551,MEMORY,alloc,44,0x5dedc3206f00,44
485350455119,MEMORY,alloc,38,0x5dedc3206f40,38
485351414629,MEMORY,alloc,38,0x5dedc3207460,38
485353131025,MEMORY,alloc,44,0x5dedc3207490,44
485354090127,MEMORY,alloc,44,0x5dedc32079d0,44
485355482180,MEMORY,alloc,41,0x5dedc3207a10,41
485357381155,MEMORY,alloc,41,0x5dedc3207f50,41
485359176439,MEMORY,alloc,120,0x5dedc3207f90,120
485359515099,MEMORY,alloc,15,0x5dedc3208010,15
485359515492,MEMORY,alloc,16,0x5dedc3208030,16
485359516939,MEMORY,alloc,32,0x5dedc3208050,32
485359517814,MEMORY,alloc,120,0x5dedc3208080,120
485359522380,MEMORY,free_unknown,0,0x5dedc3208050,0
485359524091,MEMORY,free_unknown,0,0x5dedc3208010,0
485360046294,MEMORY,free_unknown,0,0x5dedc3208030,0
485360049369,MEMORY,alloc,34,0x5dedc3208050,34
485360274957,MEMORY,alloc,34,0x5dedc32085f0,34
485360695599,MEMORY,alloc,35,0x5dedc3208620,35
485360927380,MEMORY,alloc,35,0x5dedc3208b40,35
485361858301,MEMORY,alloc,32,0x5dedc3208b70,32
485362106455,MEMORY,alloc,32,0x5dedc3209090,32
485362539338,MEMORY,alloc,36,0x5dedc32090c0,36
485362754774,MEMORY,alloc,36,0x5dedc32095e0,36
485363596992,MEMORY,alloc,35,0x5dedc3209610,35
485363820310,MEMORY,alloc,35,0x5dedc3209b30,35
485364354637,MEMORY,alloc,184,0x5dedc3209b60,184
485364364359,MEMORY,alloc,88,0x5dedc3209c20,88
485364376301,MEMORY,alloc,120,0x5dedc3209c80,120
485364377017,MEMORY,alloc,40,0x5dedc3209d00,40
485364388731,MEMORY,alloc,34,0x5dedc3209d30,34
485364612342,MEMORY,alloc,34,0x5dedc320a250,34
485365842562,MEMORY,alloc,72,0x5dedc320a280,72
485365844989,MEMORY,alloc,40,0x5dedc320a2d0,40
485365845639,MEMORY,alloc,40,0x5dedc320a300,40
485365854497,MEMORY,alloc,37,0x5dedc320a330,37
485366461114,MEMORY,alloc,37,0x5dedc320a850,37
485367389699,MEMORY,alloc,35,0x5dedc320a880,35
485367984548,MEMORY,alloc,35,0x5dedc320ada0,35
485369062916,MEMORY,alloc,104,0x5dedc320add0,104
485369073534,MEMORY,alloc,33,0x5dedc320ae40,33
485369707430,MEMORY,alloc,33,0x5dedc320b360,33
485370608415,MEMORY,alloc,56,0x5dedc320b390,56
485370614900,MEMORY,alloc,39,0x5dedc320b3d0,39
485370978120,MEMORY,alloc,39,0x5dedc320b900,39
485371758891,MEMORY,alloc,120,0x5dedc320b930,120
485371760592,MEMORY,alloc,40,0x5dedc320b9b0,40
485371761703,MEMORY,alloc,40,0x5dedc320b9e0,40
485371761944,MEMORY,alloc,24,0x5dedc3208030,24
485371762423,MEMORY,alloc,328,0x5dedc320ba10,328
485512830327,MEMORY,alloc,64,0x5dedc320dda0,64
485512830861,MEMORY,alloc,64,0x5dedc320ddf0,64
485512831405,MEMORY,alloc,64,0x5dedc320de40,64
485512834918,MEMORY,alloc,120,0x5dedc320de90,120
485512847134,MEMORY,alloc,2304,0x5dedc320df10,2304
485512857296,MEMORY,free_unknown,0,0x5dedc320de90,0
485514920635,MEMORY,alloc,22,0x5dedc3208010,22
485514925377,MEMORY,alloc,31,0x5dedc320e900,31
485514925736,MEMORY,alloc,27,0x5dedc320e930,27
485514926020,MEMORY,alloc,27,0x5dedc320e960,27
485520107988,MEMORY,alloc,352,0x5dedc24f0960,352
485520110907,MEMORY,alloc,168,0x5dedc320e990,168
485520137707,MEMORY,alloc,168,0x5dedc320ea40,168
485520532580,MEMORY,alloc,29,0x5dedc320ebd0,29
485520549860,MEMORY,alloc,40,0x5dedc320ec00,40
485520551312,MEMORY,alloc,29,0x5dedc320ec30,29
485520552127,MEMORY,alloc,36,0x5dedc320ec60,36
485520552826,MEMORY,alloc,38,0x5dedc320ec90,38
485521019015,MEMORY,alloc,32,0x5dedc320ecc0,32
485521450284,MEMORY,alloc,47,0x5dedc320ecf0,47
485522098578,MEMORY,alloc,36,0x5dedc320ed30,36
485522564705,MEMORY,alloc,32,0x5dedc320ed60,32
485522587843,MEMORY,alloc,27,0x5dedc320ef00,27
485523053905,MEMORY,alloc,32,0x5dedc320ef30,32
485523055521,MEMORY,alloc,43,0x5dedc320ef60,43
485523471698,MEMORY,alloc,32,0x5dedc320efa0,32
485523472278,MEMORY,alloc,32,0x5dedc320efd0,32
485523486852,MEMORY,free_unknown,0,0x5dedc320efa0,0
485523488291,MEMORY,alloc,33,0x5dedc320efa0,33
485523503583,MEMORY,alloc,28,0x5dedc320f1a0,28
485523514972,MEMORY,alloc,36,0x5dedc320f1d0,36
485523517249,MEMORY,alloc,29,0x5dedc320f620,29
485523518226,MEMORY,alloc,28,0x5dedc320f650,28
485523519002,MEMORY,alloc,33,0x5dedc320f680,33
485523526046,MEMORY,alloc,32,0x5dedc320f6b0,32
485523531641,MEMORY,alloc,35,0x5dedc320f6e0,35
485523532644,MEMORY,alloc,35,0x5dedc320f710,35
485523533920,MEMORY,alloc,49,0x5dedc320f740,49
485523831294,MEMORY,alloc,55,0x5dedc320f780,55
485523833243,MEMORY,alloc,46,0x5dedc320f7c0,46
485524171377,MEMORY,alloc,37,0x5dedc320f800,37
485524175344,MEMORY,alloc,37,0x5dedc320fb50,37
485524186540,MEMORY,alloc,44,0x5dedc320fb80,44
485524187588,MEMORY,alloc,34,0x5dedc320fbc0,34
485524188518,MEMORY,alloc,37,0x5dedc320fbf0,37
485524189237,MEMORY,alloc,32,0x5dedc320fc20,32
485524196766,MEMORY,alloc,44,0x5dedc320fc50,44
485524197907,MEMORY,alloc,47,0x5dedc320fc90,47
485524198801,MEMORY,alloc,33,0x5dedc320fcd0,33
485524200208,MEMORY,alloc,40,0x5dedc320fd00,40
485524677753,MEMORY,alloc,36,0x5dedc320fd30,36
485524688919,MEMORY,alloc,42,0x5dedc320fd60,42
485524689661,MEMORY,alloc,36,0x5dedc320fda0,36
485524690662,MEMORY,alloc,38,0x5dedc320fdd0,38
485524691325,MEMORY,alloc,42,0x5dedc320fe00,42
485524692237,MEMORY,alloc,41,0x5dedc320fe40,41
485524693128,MEMORY,alloc,45,0x5dedc320fe80,45
485524693890,MEMORY,alloc,44,0x5dedc320fec0,44
485524694765,MEMORY,alloc,39,0x5dedc320ff00,39
485524695669,MEMORY,alloc,46,0x5dedc320ff30,46
485524696630,MEMORY,alloc,51,0x5dedc320ff70,51
485524697455,MEMORY,alloc,45,0x5dedc320ffb0,45
485524705283,MEMORY,alloc,34,0x5dedc320fff0,34
485524707305,MEMORY,alloc,41,0x5dedc3210440,41
485524708377,MEMORY,alloc,43,0x5dedc3210480,43
485524711991,MEMORY,alloc,35,0x5dedc3210ae0,35
485524712739,MEMORY,alloc,37,0x5dedc3210b10,37
485524713650,MEMORY,alloc,43,0x5dedc3210b40,43
485524714412,MEMORY,alloc,42,0x5dedc3210b80,42
485524715238,MEMORY,alloc,44,0x5dedc3210bc0,44
485524716145,MEMORY,alloc,45,0x5dedc3210c00,45
485524722884,MEMORY,alloc,43,0x5dedc3210c40,43
485524728877,MEMORY,alloc,36,0x5dedc3210c80,36
485524729761,MEMORY,alloc,39,0x5dedc3210cb0,39
485524730518,MEMORY,alloc,39,0x5dedc3210ce0,39
485525043925,MEMORY,alloc,32,0x5dedc3210d10,32
485525046084,MEMORY,alloc,34,0x5dedc3210d40,34
485525047059,MEMORY,alloc,35,0x5dedc3210d70,35
485525048104,MEMORY,alloc,34,0x5dedc3210da0,34
485525059180,MEMORY,alloc,43,0x5dedc3210dd0,43
485525060151,MEMORY,alloc,37,0x5dedc3210e10,37
485525061008,MEMORY,alloc,46,0x5dedc3210e40,46
485525597847,MEMORY,alloc,48,0x5dedc3210e80,48
485525600412,MEMORY,alloc,49,0x5dedc3210ec0,49
485525601867,MEMORY,alloc,43,0x5dedc3210f00,43
485525602773,MEMORY,alloc,41,0x5dedc3210f40,41
485525603736,MEMORY,alloc,50,0x5dedc3210f80,50
485525604531,MEMORY,alloc,42,0x5dedc3210fc0,42
485526188902,MEMORY,alloc,36,0x5dedc3211000,36
485526191088,MEMORY,alloc,40,0x5dedc3211030,40
485526191785,MEMORY,alloc,42,0x5dedc3211060,42
485526192493,MEMORY,alloc,47,0x5dedc32110a0,47
485526193011,MEMORY,alloc,38,0x5dedc32110e0,38
485526193653,MEMORY,alloc,41,0x5dedc3211110,41
485526199529,MEMORY,alloc,37,0x5dedc3211150,37
485526201546,MEMORY,alloc,40,0x5dedc32115a0,40
485526202562,MEMORY,alloc,43,0x5dedc32115d0,43
485526213505,MEMORY,alloc,40,0x5dedc3211610,40
485526214699,MEMORY,alloc,47,0x5dedc3211640,47
485526215645,MEMORY,alloc,42,0x5dedc3211680,42
485526216838,MEMORY,alloc,31,0x5dedc32116c0,31
485526217862,MEMORY,alloc,30,0x5dedc32116f0,30
485526218695,MEMORY,alloc,28,0x5dedc3211720,28
485526219535,MEMORY,alloc,37,0x5dedc3211750,37
485526220306,MEMORY,alloc,43,0x5dedc3211780,43
485526221137,MEMORY,alloc,39,0x5dedc32117c0,39
485526221915,MEMORY,alloc,43,0x5dedc32117f0,43
485526222722,MEMORY,alloc,45,0x5dedc3211830,45
485526223669,MEMORY,alloc,49,0x5dedc3211870,49
485526224681,MEMORY,alloc,38,0x5dedc32118b0,38
485526225628,MEMORY,alloc,45,0x5dedc32118e0,45
485526226476,MEMORY,alloc,34,0x5dedc3211920,34
485526227562,MEMORY,alloc,41,0x5dedc3211950,41
485526241756,MEMORY,alloc,47,0x5dedc32104c0,47
485526757471,MEMORY,alloc,36,0x5dedc3210500,36
485526758839,MEMORY,alloc,42,0x5dedc3210530,42
485526780659,MEMORY,alloc,43,0x5dedc3210570,43
485526782095,MEMORY,alloc,49,0x5dedc32105b0,49
485527170893,MEMORY,alloc,37,0x5dedc32105f0,37
485527173154,MEMORY,alloc,45,0x5dedc3210620,45
485527492224,MEMORY,alloc,33,0x5dedc3210660,33
485527503778,MEMORY,alloc,34,0x5dedc3210690,34
485527506040,MEMORY,alloc,57,0x5dedc32106c0,57
485527507395,MEMORY,alloc,43,0x5dedc3210710,43
485527508372,MEMORY,alloc,34,0x5dedc3210750,34
485527793804,MEMORY,alloc,33,0x5dedc3210780,33
485527795050,MEMORY,alloc,44,0x5dedc32107b0,44
485527797675,MEMORY,alloc,40,0x5dedc32107f0,40
485527798462,MEMORY,alloc,48,0x5dedc3210820,48
485527799226,MEMORY,alloc,41,0x5dedc3210860,41
485527800156,MEMORY,alloc,38,0x5dedc32108a0,38
485527800927,MEMORY,alloc,38,0x5dedc32108d0,38
485527811109,MEMORY,alloc,44,0x5dedc3210900,44
485527811873,MEMORY,alloc,30,0x5dedc3210940,30
485527812874,MEMORY,alloc,31,0x5dedc3210970,31
485527824823,MEMORY,alloc,35,0x5dedc32109a0,35
485527825713,MEMORY,alloc,38,0x5dedc32109d0,38
485527826603,MEMORY,alloc,45,0x5dedc3210a00,45
485527827567,MEMORY,alloc,56,0x5dedc3210a40,56
485527828581,MEMORY,alloc,43,0x5dedc3210a80,43
485527829707,MEMORY,alloc,51,0x5dedc32129d0,51
485527830757,MEMORY,alloc,37,0x5dedc3212a10,37
485527831706,MEMORY,alloc,47,0x5dedc3212a40,47
485527846106,MEMORY,alloc,35,0x5dedc3212a80,35
485527847038,MEMORY,alloc,36,0x5dedc3212ab0,36
485527848132,MEMORY,alloc,47,0x5dedc3212ae0,47
485527849433,MEMORY,alloc,50,0x5dedc3212b20,50
485527857295,MEMORY,alloc,54,0x5dedc3212b60,54
485527859746,MEMORY,alloc,104,0x5dedc3212ba0,104
485527867652,MEMORY,alloc,44,0x5dedc3212c10,44
485527868486,MEMORY,alloc,72,0x5dedc3212c50,72
485527873117,MEMORY,alloc,32,0x5dedc3212ca0,32
485527880552,MEMORY,alloc,4608,0x5dedc3212cd0,4608
485527882177,MEMORY,alloc,44,0x5dedc3213ee0,44
485527890828,MEMORY,free_unknown,0,0x5dedc3212c10,0
485528199905,MEMORY,alloc,40,0x5dedc3213f20,40
485528211277,MEMORY,alloc,36,0x5dedc3213f50,36
485528213312,MEMORY,alloc,31,0x5dedc3213f80,31
485528214176,MEMORY,alloc,36,0x5dedc3213fb0,36
485528222105,MEMORY,alloc,34,0x5dedc3213fe0,34
485528265618,MEMORY,alloc,34,0x5dedc3214010,34
485528266686,MEMORY,alloc,35,0x5dedc3214040,35
485528267500,MEMORY,alloc,43,0x5dedc3212c10,43
485528566835,MEMORY,alloc,50,0x5dedc3214070,50
485528576820,MEMORY,alloc,39,0x5dedc32140b0,39
485528577900,MEMORY,alloc,45,0x5dedc32140e0,45
485528579492,MEMORY,alloc,40,0x5dedc3214540,40
485528868010,MEMORY,alloc,33,0x5dedc3214570,33
485528869670,MEMORY,alloc,42,0x5dedc32145a0,42
485528870452,MEMORY,alloc,34,0x5dedc32145e0,34
485528871289,MEMORY,alloc,37,0x5dedc3214610,37
485528872052,MEMORY,alloc,37,0x5dedc3214640,37
485528872859,MEMORY,alloc,45,0x5dedc3214670,45
485528873601,MEMORY,alloc,40,0x5dedc32146b0,40
485528874305,MEMORY,alloc,36,0x5dedc32146e0,36
485528875339,MEMORY,alloc,34,0x5dedc3214710,34
485528876378,MEMORY,alloc,47,0x5dedc3214740,47
485528877251,MEMORY,alloc,42,0x5dedc3214780,42
485528878149,MEMORY,alloc,43,0x5dedc32147c0,43
485528888730,MEMORY,alloc,39,0x5dedc3214800,39
485529206528,MEMORY,alloc,32,0x5dedc3214830,32
485529207923,MEMORY,alloc,33,0x5dedc3214860,33
485529208739,MEMORY,alloc,29,0x5dedc3214890,29
485529209831,MEMORY,alloc,31,0x5dedc32148c0,31
485529210704,MEMORY,alloc,30,0x5dedc32148f0,30
485529211851,MEMORY,alloc,36,0x5dedc3214920,36
485529212476,MEMORY,alloc,35,0x5dedc3214950,35
485529213177,MEMORY,alloc,32,0x5dedc3214980,32
485529213832,MEMORY,alloc,35,0x5dedc32149b0,35
485529214832,MEMORY,alloc,39,0x5dedc32149e0,39
485529226108,MEMORY,alloc,24,0x5dedc3210ac0,24
485529228173,MEMORY,alloc,31,0x5dedc3214a10,31
485529228906,MEMORY,alloc,36,0x5dedc3214a40,36
485529230731,MEMORY,alloc,35,0x5dedc3214a70,35
485529232262,MEMORY,alloc,33,0x5dedc3214ec0,33
485529233502,MEMORY,alloc,57,0x5dedc3214ef0,57
485529243777,MEMORY,alloc,51,0x5dedc3214f40,51
485529244739,MEMORY,alloc,51,0x5dedc3214f80,51
485529245961,MEMORY,alloc,43,0x5dedc3214fc0,43
485529252578,MEMORY,alloc,40,0x5dedc3215000,40
485529655589,MEMORY,alloc,40,0x5dedc3215030,40
485529658094,MEMORY,alloc,35,0x5dedc3215060,35
485529958069,MEMORY,alloc,53,0x5dedc3215090,53
485529959350,MEMORY,alloc,46,0x5dedc32150d0,46
485529960595,MEMORY,alloc,34,0x5dedc3215110,34
485529961339,MEMORY,alloc,33,0x5dedc3215140,33
485529962081,MEMORY,alloc,16,0x5dedc3215170,16
485530397295,MEMORY,alloc,29,0x5dedc3215190,29
485530684387,MEMORY,alloc,30,0x5dedc32151c0,30
485530696332,MEMORY,alloc,31,0x5dedc32151f0,31
485530697710,MEMORY,alloc,35,0x5dedc3215220,35
485530698554,MEMORY,alloc,33,0x5dedc3215250,33
485530699766,MEMORY,alloc,37,0x5dedc3215280,37
485530700897,MEMORY,alloc,54,0x5dedc32152b0,54
485530701728,MEMORY,alloc,34,0x5dedc32152f0,34
485530702721,MEMORY,alloc,39,0x5dedc3215320,39
485530994092,MEMORY,alloc,48,0x5dedc3215350,48
485531035686,MEMORY,alloc,50,0x5dedc3211990,50
485531043058,MEMORY,alloc,48,0x5dedc32119d0,48
485531044662,MEMORY,alloc,34,0x5dedc3211a10,34
485531057189,MEMORY,alloc,40,0x5dedc3211a40,40
485531058165,MEMORY,alloc,38,0x5dedc3211a70,38
485531058909,MEMORY,alloc,38,0x5dedc3211aa0,38
485531360290,MEMORY,alloc,37,0x5dedc3211ad0,37
485531362073,MEMORY,alloc,32,0x5dedc3211b00,32
485531654931,MEMORY,alloc,40,0x5dedc3211f50,40
485531657245,MEMORY,alloc,38,0x5dedc3211f80,38
485531658914,MEMORY,alloc,43,0x5dedc3211fb0,43
485531677685,MEMORY,alloc,33,0x5dedc3211ff0,33
485531678695,MEMORY,alloc,30,0x5dedc3212020,30
485531679633,MEMORY,alloc,31,0x5dedc3212050,31
485531680653,MEMORY,alloc,43,0x5dedc3212080,43
485531681580,MEMORY,alloc,41,0x5dedc32120c0,41
485531691246,MEMORY,alloc,45,0x5dedc3212100,45
485531692272,MEMORY,alloc,45,0x5dedc3212140,45
485531693844,MEMORY,alloc,32,0x5dedc3212180,32
485531971549,MEMORY,alloc,37,0x5dedc32121b0,37
485531972742,MEMORY,alloc,37,0x5dedc32121e0,37
485531973581,MEMORY,alloc,38,0x5dedc3212210,38
485531974473,MEMORY,alloc,44,0x5dedc3212240,44
485531975370,MEMORY,alloc,48,0x5dedc3212280,48
485531985860,MEMORY,alloc,32,0x5dedc32122c0,32
485531986992,MEMORY,alloc,35,0x5dedc32122f0,35
485531987922,MEMORY,alloc,30,0x5dedc3212320,30
485531988719,MEMORY,alloc,32,0x5dedc3212350,32
485531989556,MEMORY,alloc,34,0x5dedc3212380,34
485531990239,MEMORY,alloc,34,0x5dedc32123b0,34
485531991153,MEMORY,alloc,44,0x5dedc32123e0,44
485531992278,MEMORY,alloc,46,0x5dedc3212420,46
485531993034,MEMORY,alloc,46,0x5dedc3212460,46
485532317438,MEMORY,alloc,47,0x5dedc32124a0,47
485532319462,MEMORY,alloc,35,0x5dedc32124e0,35
485532320652,MEMORY,alloc,31,0x5dedc3212510,31
485532330486,MEMORY,alloc,46,0x5dedc3212540,46
485532333000,MEMORY,alloc,36,0x5dedc3212580,36
485532343847,MEMORY,alloc,34,0x5dedc3216fd0,34
485532351869,MEMORY,alloc,35,0x5dedc3217000,35
485532353191,MEMORY,alloc,37,0x5dedc3217030,37
485532353921,MEMORY,alloc,37,0x5dedc3217060,37
485532354848,MEMORY,alloc,40,0x5dedc3217090,40
485532667289,MEMORY,alloc,35,0x5dedc32170c0,35
485532669284,MEMORY,alloc,34,0x5dedc32170f0,34
485532676847,MEMORY,alloc,45,0x5dedc3217120,45
485532677930,MEMORY,alloc,58,0x5dedc3217160,58
485532679202,MEMORY,alloc,43,0x5dedc32171b0,43
485532957434,MEMORY,alloc,33,0x5dedc32171f0,33
485532959262,MEMORY,alloc,39,0x5dedc3217220,39
485532971183,MEMORY,alloc,38,0x5dedc3217250,38
485532972188,MEMORY,alloc,30,0x5dedc3217280,30
485532973286,MEMORY,alloc,30,0x5dedc32172b0,30
485532983582,MEMORY,alloc,39,0x5dedc32172e0,39
485532984599,MEMORY,alloc,32,0x5dedc3217310,32
485532985472,MEMORY,alloc,31,0x5dedc3217340,31
485532986567,MEMORY,alloc,37,0x5dedc3217370,37
485533368526,MEMORY,alloc,34,0x5dedc32173a0,34
485533370545,MEMORY,alloc,39,0x5dedc32173d0,39
485533371385,MEMORY,alloc,36,0x5dedc3217400,36
485533372792,MEMORY,alloc,35,0x5dedc3217430,35
485533373715,MEMORY,alloc,43,0x5dedc3217460,43
485533374744,MEMORY,alloc,44,0x5dedc32174a0,44
485533386575,MEMORY,alloc,28,0x5dedc32174e0,28
485533387648,MEMORY,alloc,32,0x5dedc3217510,32
485533388700,MEMORY,alloc,36,0x5dedc3217540,36
485533389630,MEMORY,alloc,39,0x5dedc3217570,39
485533390453,MEMORY,alloc,38,0x5dedc32175a0,38
485533391289,MEMORY,alloc,40,0x5dedc32175d0,40
485533393119,MEMORY,alloc,45,0x5dedc3217a20,45
485533393867,MEMORY,alloc,28,0x5dedc3217a60,28
485533394658,MEMORY,alloc,36,0x5dedc3217a90,36
485533395428,MEMORY,alloc,36,0x5dedc3217ac0,36
485533396320,MEMORY,alloc,37,0x5dedc3217af0,37
485533397050,MEMORY,alloc,36,0x5dedc3217b20,36
485533397983,MEMORY,alloc,34,0x5dedc3217b50,34
485533399113,MEMORY,alloc,44,0x5dedc3217b80,44
485533399834,MEMORY,alloc,37,0x5dedc3217bc0,37
485533406413,MEMORY,alloc,44,0x5dedc3217bf0,44
485533407228,MEMORY,alloc,28,0x5dedc3217c30,28
485533408033,MEMORY,alloc,42,0x5dedc3217c60,42
485533408716,MEMORY,alloc,28,0x5dedc3217ca0,28
485533409586,MEMORY,alloc,33,0x5dedc3217cd0,33
485533410468,MEMORY,alloc,49,0x5dedc3217d00,49
485533411375,MEMORY,alloc,44,0x5dedc3217d40,44
485533412359,MEMORY,alloc,35,0x5dedc3217d80,35
485533413292,MEMORY,alloc,33,0x5dedc3217db0,33
485533414002,MEMORY,alloc,33,0x5dedc3217de0,33
485533414803,MEMORY,alloc,25,0x5dedc3217e10,25
485533415533,MEMORY,alloc,37,0x5dedc3217e40,37
485533416333,MEMORY,alloc,44,0x5dedc3217e70,44
485533417261,MEMORY,alloc,50,0x5dedc3217eb0,50
485533419194,MEMORY,alloc,40,0x5dedc3217ef0,40
485533420275,MEMORY,alloc,26,0x5dedc3217f20,26
485533421566,MEMORY,alloc,28,0x5dedc3217f50,28
485533422342,MEMORY,alloc,33,0x5dedc3217f80,33
485533429293,MEMORY,alloc,34,0x5dedc3217fb0,34
485533435909,MEMORY,alloc,36,0x5dedc3217fe0,36
485533437067,MEMORY,alloc,44,0x5dedc3218010,44
485533450073,MEMORY,alloc,48,0x5dedc3218050,48
485533452331,MEMORY,alloc,32,0x5dedc3218090,32
485533453860,MEMORY,alloc,34,0x5dedc32184e0,34
485533454748,MEMORY,alloc,31,0x5dedc3218510,31
485533455506,MEMORY,alloc,37,0x5dedc3218540,37
485533457062,MEMORY,alloc,38,0x5dedc3218570,38
485533470247,MEMORY,alloc,28,0x5dedc32185a0,28
485533471207,MEMORY,alloc,29,0x5dedc32185d0,29
485533472111,MEMORY,alloc,27,0x5dedc3218600,27
485533473003,MEMORY,alloc,28,0x5dedc3218630,28
485533474203,MEMORY,alloc,47,0x5dedc3218660,47
485533495078,MEMORY,alloc,42,0x5dedc32186a0,42
485533501767,MEMORY,alloc,25,0x5dedc32186e0,25
485533504364,MEMORY,alloc,36,0x5dedc3218710,36
485533807193,MEMORY,alloc,27,0x5dedc3218740,27
485533808509,MEMORY,alloc,27,0x5dedc3218770,27
485533809864,MEMORY,alloc,39,0x5dedc32187a0,39
485533810968,MEMORY,alloc,35,0x5dedc32187d0,35
485533811878,MEMORY,alloc,36,0x5dedc3218800,36
485533823230,MEMORY,alloc,39,0x5dedc3218830,39
485533824053,MEMORY,alloc,36,0x5dedc3218860,36
485533825178,MEMORY,alloc,38,0x5dedc3218890,38
485533825828,MEMORY,alloc,34,0x5dedc32188c0,34
485533826536,MEMORY,alloc,42,0x5dedc32188f0,42
485533832314,MEMORY,alloc,33,0x5dedc3218930,33
485533833216,MEMORY,alloc,33,0x5dedc3218960,33
485533834047,MEMORY,alloc,40,0x5dedc3218990,40
485534121926,MEMORY,alloc,48,0x5dedc32189c0,48
485534123692,MEMORY,alloc,54,0x5dedc3218a00,54
485534124641,MEMORY,alloc,47,0x5dedc3218a40,47
485534125514,MEMORY,alloc,54,0x5dedc3218a80,54
485534136159,MEMORY,alloc,44,0x5dedc3218ac0,44
485534146501,MEMORY,alloc,48,0x5dedc3218b00,48
485534148572,MEMORY,alloc,47,0x5dedc3218f60,47
485534149400,MEMORY,alloc,34,0x5dedc3218fa0,34
485534156224,MEMORY,alloc,45,0x5dedc3218fd0,45
485534157513,MEMORY,alloc,42,0x5dedc3219010,42
485534158388,MEMORY,alloc,39,0x5dedc3219050,39
485534453698,MEMORY,alloc,50,0x5dedc3219080,50
485534455626,MEMORY,alloc,54,0x5dedc32190c0,54
485534456600,MEMORY,alloc,52,0x5dedc3219100,52
485534457716,MEMORY,alloc,62,0x5dedc3219140,62
485534932486,MEMORY,alloc,47,0x5dedc3219190,47
485535507448,MEMORY,alloc,34,0x5dedc32191d0,34
485535509471,MEMORY,alloc,49,0x5dedc3219200,49
485535530936,MEMORY,alloc,37,0x5dedc3219240,37
485535532090,MEMORY,alloc,43,0x5dedc3219270,43
485535533259,MEMORY,alloc,40,0x5dedc32192b0,40
485535534202,MEMORY,alloc,38,0x5dedc32192e0,38
485535535054,MEMORY,alloc,43,0x5dedc3219310,43
485535535789,MEMORY,alloc,37,0x5dedc3219350,37
485535536700,MEMORY,alloc,44,0x5dedc3219380,44
485535537563,MEMORY,alloc,37,0x5dedc32193c0,37
485535538320,MEMORY,alloc,35,0x5dedc32193f0,35
485535549691,MEMORY,alloc,34,0x5dedc3219420,34
485535551006,MEMORY,alloc,30,0x5dedc3219450,30
485535552288,MEMORY,alloc,42,0x5dedc3219480,42
485535561586,MEMORY,alloc,36,0x5dedc32194c0,36
485535563393,MEMORY,alloc,38,0x5dedc3219910,38
485535564279,MEMORY,alloc,38,0x5dedc3219940,38
485536028374,MEMORY,alloc,38,0x5dedc3219970,38
485536338608,MEMORY,alloc,36,0x5dedc32199a0,36
485536340723,MEMORY,alloc,33,0x5dedc32199d0,33
485536848152,MEMORY,alloc,32,0x5dedc3219a00,32
485536850102,MEMORY,alloc,45,0x5dedc3219a30,45
485536850847,MEMORY,alloc,25,0x5dedc3219a70,25
485536861696,MEMORY,alloc,29,0x5dedc3219aa0,29
485536865004,MEMORY,alloc,47,0x5dedc3219ad0,47
485536866276,MEMORY,alloc,59,0x5dedc3219b10,59
485536876681,MEMORY,alloc,44,0x5dedc3219b60,44
485537245425,MEMORY,alloc,41,0x5dedc3219ba0,41
485537256274,MEMORY,alloc,30,0x5dedc3219be0,30
485537763305,MEMORY,alloc,56,0x5dedc3219c10,56
485537764901,MEMORY,alloc,40,0x5dedc3219c50,40
485537765950,MEMORY,alloc,36,0x5dedc3219c80,36
485537767198,MEMORY,alloc,48,0x5dedc3219cb0,48
485537777891,MEMORY,alloc,38,0x5dedc3219cf0,38
485537779763,MEMORY,alloc,29,0x5dedc3219d20,29
485537781276,MEMORY,alloc,38,0x5dedc3219d50,38
485537782280,MEMORY,alloc,40,0x5dedc3219d80,40
485537783608,MEMORY,alloc,45,0x5dedc3219db0,45
485537784463,MEMORY,alloc,36,0x5dedc3219df0,36
485537794974,MEMORY,alloc,33,0x5dedc3219e20,33
485537796627,MEMORY,alloc,36,0x5dedc3219e50,36
485537799263,MEMORY,alloc,36,0x5dedc3219e80,36
485537964117,MEMORY,alloc,37,0x5dedc3219eb0,37
485538483247,MEMORY,alloc,43,0x5dedc3219ee0,43
485538497650,MEMORY,alloc,40,0x5dedc3219f20,40
485538510348,MEMORY,alloc,42,0x5dedc321a370,42
485538923340,MEMORY,alloc,45,0x5dedc321a3b0,45
485538936436,MEMORY,alloc,35,0x5dedc321a3f0,35
485538937147,MEMORY,alloc,37,0x5dedc321a420,37
485539389171,MEMORY,alloc,41,0x5dedc321a450,41
485539673472,MEMORY,alloc,45,0x5dedc3215390,45
485539680517,MEMORY,alloc,45,0x5dedc32153d0,45
485540022207,MEMORY,alloc,42,0x5dedc3215410,42
485540034339,MEMORY,alloc,40,0x5dedc3215450,40
485540035341,MEMORY,alloc,39,0x5dedc3215480,39
485540036969,MEMORY,alloc,56,0x5dedc32154b0,56
485540333800,MEMORY,alloc,58,0x5dedc32154f0,58
485540888838,MEMORY,alloc,34,0x5dedc3215540,34
485540891432,MEMORY,alloc,36,0x5dedc3215570,36
485540892792,MEMORY,alloc,43,0x5dedc32155a0,43
485540894959,MEMORY,alloc,23,0x5dedc32155e0,23
485540895302,MEMORY,alloc,36,0x5dedc3215600,36
485540904190,MEMORY,alloc,72,0x5dedc3215630,72
485540904546,MEMORY,alloc,23,0x5dedc3215680,23
485540906304,MEMORY,alloc,64,0x5dedc32156a0,64
485540906693,MEMORY,alloc,23,0x5dedc32156f0,23
485540914694,MEMORY,free_unknown,0,0x5dedc3212ca0,0
485540916763,MEMORY,alloc,36,0x5dedc3212ca0,36
485540921496,MEMORY,free_unknown,0,0x5dedc3215600,0
485540925295,MEMORY,free_unknown,0,0x5dedc32155e0,0
485540937136,MEMORY,alloc,58,0x5dedc3215710,58
485540938288,MEMORY,alloc,41,0x5dedc3215760,41
485541268589,MEMORY,alloc,39,0x5dedc3215600,39
485541270220,MEMORY,alloc,40,0x5dedc32157a0,40
485541271029,MEMORY,alloc,41,0x5dedc32157d0,41
485541272032,MEMORY,alloc,42,0x5dedc3215810,42
485541272833,MEMORY,alloc,46,0x5dedc3215850,46
485541273758,MEMORY,alloc,55,0x5dedc3215890,55
485541285475,MEMORY,alloc,31,0x5dedc32158d0,31
485541286805,MEMORY,alloc,31,0x5dedc3215900,31
485541289253,MEMORY,alloc,168,0x5dedc3215930,168
485541308063,MEMORY,alloc,1024,0x5dedc32159e0,1024
485541310247,MEMORY,alloc,25,0x5dedc3215ed0,25
485541336018,MEMORY,alloc,31,0x5dedc3215f00,31
485541337084,MEMORY,alloc,34,0x5dedc3215f30,34
485541337947,MEMORY,alloc,40,0x5dedc3215f60,40
485541767668,MEMORY,alloc,52,0x5dedc3215f90,52
485541769877,MEMORY,alloc,48,0x5dedc3215fd0,48
485541770968,MEMORY,alloc,54,0x5dedc3216010,54
485541771873,MEMORY,alloc,63,0x5dedc3216050,63
485541774471,MEMORY,alloc,36,0x5dedc32164c0,36
485541775461,MEMORY,alloc,59,0x5dedc32164f0,59
485541787500,MEMORY,alloc,34,0x5dedc3216540,34
485541788814,MEMORY,alloc,34,0x5dedc3216570,34
485541789753,MEMORY,alloc,41,0x5dedc32165a0,41
485542129559,MEMORY,alloc,34,0x5dedc32165e0,34
485542131480,MEMORY,alloc,37,0x5dedc3216610,37
485542132528,MEMORY,alloc,48,0x5dedc3216640,48
485542133302,MEMORY,alloc,38,0x5dedc3216680,38
485542134385,MEMORY,alloc,40,0x5dedc32166b0,40
485542135590,MEMORY,alloc,34,0x5dedc32166e0,34
485542136784,MEMORY,alloc,38,0x5dedc3216710,38
485542137909,MEMORY,alloc,38,0x5dedc3216740,38
485542149670,MEMORY,alloc,39,0x5dedc3216770,39
485542151111,MEMORY,alloc,42,0x5dedc32167a0,42
485542171846,MEMORY,alloc,54,0x5dedc32167e0,54
485542173393,MEMORY,alloc,47,0x5dedc3216820,47
485542475049,MEMORY,alloc,49,0x5dedc3216860,49
485542476616,MEMORY,alloc,46,0x5dedc32168a0,46
485542477449,MEMORY,alloc,47,0x5dedc32168e0,47
485542478263,MEMORY,alloc,47,0x5dedc3216920,47
485542479583,MEMORY,alloc,37,0x5dedc3216960,37
485542481019,MEMORY,alloc,21,0x5dedc32155e0,21
485542481465,MEMORY,alloc,56,0x5dedc3216990,56
485542482632,MEMORY,alloc,72,0x5dedc32169d0,72
485542482969,MEMORY,alloc,21,0x5dedc3216a20,21
485542484341,MEMORY,alloc,128,0x5dedc3216a40,128
485542484709,MEMORY,alloc,21,0x5dedc3216ad0,21
485542491431,MEMORY,free_unknown,0,0x5dedc32156a0,0
485542492939,MEMORY,alloc,56,0x5dedc3216af0,56
485542495833,MEMORY,free_unknown,0,0x5dedc3216990,0
485542498302,MEMORY,free_unknown,0,0x5dedc32155e0,0
485542499560,MEMORY,alloc,44,0x5dedc3216990,44
485542854037,MEMORY,alloc,56,0x5dedc3216b30,56
485542855734,MEMORY,alloc,53,0x5dedc3216b70,53
485542857515,MEMORY,alloc,53,0x5dedc321d4b0,53
485542858597,MEMORY,alloc,38,0x5dedc321d4f0,38
485542859633,MEMORY,alloc,41,0x5dedc321d520,41
485542860968,MEMORY,alloc,57,0x5dedc32156a0,57
485542862362,MEMORY,alloc,43,0x5dedc321d560,43
485542863270,MEMORY,alloc,53,0x5dedc321d5a0,53
485542864356,MEMORY,alloc,41,0x5dedc321d5e0,41
485542866403,MEMORY,alloc,40,0x5dedc321da40,40
485542867478,MEMORY,alloc,46,0x5dedc321da70,46
485542868323,MEMORY,alloc,46,0x5dedc321dab0,46
485542879664,MEMORY,alloc,59,0x5dedc321daf0,59
485542880706,MEMORY,alloc,45,0x5dedc321db40,45
485542881623,MEMORY,alloc,38,0x5dedc321db80,38
485542888920,MEMORY,alloc,49,0x5dedc321dbb0,49
485542890282,MEMORY,alloc,50,0x5dedc321dbf0,50
485542891411,MEMORY,alloc,70,0x5dedc321dc30,70
485542892657,MEMORY,alloc,43,0x5dedc321dc80,43
485543316311,MEMORY,alloc,21,0x5dedc32155e0,21
485543318746,MEMORY,alloc,31,0x5dedc321dcc0,31
485543320485,MEMORY,alloc,36,0x5dedc321dcf0,36
485543321708,MEMORY,alloc,50,0x5dedc321dd20,50
485543322760,MEMORY,alloc,51,0x5dedc321dd60,51
485543323867,MEMORY,alloc,59,0x5dedc321dda0,59
485543325052,MEMORY,alloc,27,0x5dedc321ddf0,27
485543326101,MEMORY,alloc,39,0x5dedc321de20,39
485543327454,MEMORY,alloc,40,0x5dedc321de50,40
485543328661,MEMORY,alloc,33,0x5dedc321de80,33
485543341299,MEMORY,alloc,28,0x5dedc321deb0,28
485543342262,MEMORY,alloc,29,0x5dedc321dee0,29
485543343361,MEMORY,alloc,52,0x5dedc321df10,52
485543344316,MEMORY,alloc,38,0x5dedc321df50,38
485543355766,MEMORY,alloc,39,0x5dedc321df80,39
485543356763,MEMORY,alloc,38,0x5dedc321dfb0,38
485543364032,MEMORY,alloc,40,0x5dedc321dfe0,40
485543365166,MEMORY,alloc,38,0x5dedc321e010,38
485543366005,MEMORY,alloc,38,0x5dedc321e040,38
485543367254,MEMORY,alloc,42,0x5dedc321e070,42
485543368172,MEMORY,alloc,32,0x5dedc321e0b0,32
485543369073,MEMORY,alloc,47,0x5dedc321e0e0,47
485543370790,MEMORY,alloc,36,0x5dedc321e540,36
485543371728,MEMORY,alloc,27,0x5dedc321e570,27
485543372913,MEMORY,alloc,47,0x5dedc321e5a0,47
485543668316,MEMORY,alloc,38,0x5dedc321e5e0,38
485543670289,MEMORY,alloc,40,0x5dedc321e610,40
485543671262,MEMORY,alloc,37,0x5dedc321e640,37
485543672049,MEMORY,alloc,29,0x5dedc321e670,29
485543673057,MEMORY,alloc,42,0x5dedc321e6a0,42
485543674085,MEMORY,alloc,49,0x5dedc321e6e0,49
485543674913,MEMORY,alloc,48,0x5dedc321e720,48
485543675715,MEMORY,alloc,48,0x5dedc321e760,48
485543686655,MEMORY,alloc,35,0x5dedc321e7a0,35
485543687747,MEMORY,alloc,57,0x5dedc321e7d0,57
485543689743,MEMORY,alloc,51,0x5dedc321e820,51
485543690459,MEMORY,alloc,48,0x5dedc321e860,48
485543691362,MEMORY,alloc,45,0x5dedc321e8a0,45
485543692409,MEMORY,alloc,35,0x5dedc321e8e0,35
485543693193,MEMORY,alloc,36,0x5dedc321e910,36
485543694112,MEMORY,alloc,25,0x5dedc321e940,25
485543694963,MEMORY,alloc,40,0x5dedc321e970,40
485543695950,MEMORY,alloc,35,0x5dedc321e9a0,35
485543696749,MEMORY,alloc,33,0x5dedc321e9d0,33
485543697700,MEMORY,alloc,31,0x5dedc321ea00,31
485543698544,MEMORY,alloc,42,0x5dedc321ea30,42
485543699413,MEMORY,alloc,38,0x5dedc321ea70,38
485543700379,MEMORY,alloc,39,0x5dedc321eaa0,39
485543701195,MEMORY,alloc,39,0x5dedc321ead0,39
485543701912,MEMORY,alloc,42,0x5dedc321eb00,42
485543702736,MEMORY,alloc,33,0x5dedc321eb40,33
485543704042,MEMORY,alloc,37,0x5dedc321eb70,37
485543711072,MEMORY,alloc,27,0x5dedc321eba0,27
485543712052,MEMORY,alloc,33,0x5dedc321ebd0,33
485543719944,MEMORY,alloc,32,0x5dedc321f020,32
485543720975,MEMORY,alloc,31,0x5dedc321f050,31
485543721808,MEMORY,alloc,31,0x5dedc321f080,31
485543723477,MEMORY,alloc,44,0x5dedc321f0b0,44
485543724861,MEMORY,alloc,26,0x5dedc321f0f0,26
485543725754,MEMORY,alloc,35,0x5dedc321f120,35
485543726514,MEMORY,alloc,36,0x5dedc321f150,36
485543728656,MEMORY,alloc,32,0x5dedc321f180,32
485543729579,MEMORY,alloc,34,0x5dedc321f1b0,34
485543738668,MEMORY,alloc,41,0x5dedc321f1e0,41
485543739525,MEMORY,alloc,30,0x5dedc321f220,30
485543740454,MEMORY,alloc,53,0x5dedc321f250,53
485543741533,MEMORY,alloc,54,0x5dedc321f290,54
485543742364,MEMORY,alloc,51,0x5dedc321f2d0,51
485543743324,MEMORY,alloc,43,0x5dedc321f310,43
485543744197,MEMORY,alloc,38,0x5dedc321f350,38
485543745055,MEMORY,alloc,44,0x5dedc321f380,44
485543745875,MEMORY,alloc,48,0x5dedc321f3c0,48
485543752193,MEMORY,alloc,53,0x5dedc321f400,53
485543753742,MEMORY,alloc,36,0x5dedc321f440,36
485543754611,MEMORY,alloc,49,0x5dedc321f470,49
485544072022,MEMORY,alloc,37,0x5dedc321f4b0,37
485544073875,MEMORY,alloc,36,0x5dedc321f4e0,36
485544086084,MEMORY,alloc,55,0x5dedc321f510,55
485544086985,MEMORY,alloc,41,0x5dedc321f550,41
485544087992,MEMORY,alloc,42,0x5dedc321f590,42
485544088777,MEMORY,alloc,43,0x5dedc321f5d0,43
485544089718,MEMORY,alloc,38,0x5dedc321f610,38
485544100809,MEMORY,alloc,54,0x5dedc321f640,54
485544595255,MEMORY,alloc,38,0x5dedc321f680,38
485544598005,MEMORY,alloc,44,0x5dedc321fad0,44
485544598975,MEMORY,alloc,41,0x5dedc321fb10,41
485544599716,MEMORY,alloc,30,0x5dedc321fb50,30
485544600689,MEMORY,alloc,35,0x5dedc321fb80,35
485544601552,MEMORY,alloc,34,0x5dedc321fbb0,34
485544602478,MEMORY,alloc,34,0x5dedc321fbe0,34
485544604000,MEMORY,alloc,35,0x5dedc321fc10,35
485544604977,MEMORY,alloc,32,0x5dedc321fc40,32
485544616282,MEMORY,alloc,34,0x5dedc321fc70,34
485544617340,MEMORY,alloc,44,0x5dedc321fca0,44
485544618274,MEMORY,alloc,42,0x5dedc321fce0,42
485544619070,MEMORY,alloc,34,0x5dedc321fd20,34
485544619966,MEMORY,alloc,33,0x5dedc321fd50,33
485544620915,MEMORY,alloc,39,0x5dedc321fd80,39
485544621902,MEMORY,alloc,48,0x5dedc321fdb0,48
485544622811,MEMORY,alloc,45,0x5dedc321fdf0,45
485544623660,MEMORY,alloc,42,0x5dedc321fe30,42
485544624394,MEMORY,alloc,34,0x5dedc321fe70,34
485544625306,MEMORY,alloc,46,0x5dedc321fea0,46
485544626293,MEMORY,alloc,57,0x5dedc321fee0,57
485544627157,MEMORY,alloc,28,0x5dedc321ff30,28
485544628221,MEMORY,alloc,36,0x5dedc321ff60,36
485544628940,MEMORY,alloc,43,0x5dedc321ff90,43
485544629670,MEMORY,alloc,33,0x5dedc321ffd0,33
485544636474,MEMORY,alloc,30,0x5dedc3220000,30
485544637690,MEMORY,alloc,30,0x5dedc3220030,30
485544638427,MEMORY,alloc,33,0x5dedc3220060,33
485544639277,MEMORY,alloc,33,0x5dedc3220090,33
485544640555,MEMORY,alloc,28,0x5dedc32200c0,28
485544953649,MEMORY,alloc,27,0x5dedc32200f0,27
485544955180,MEMORY,alloc,27,0x5dedc3220120,27
485544956120,MEMORY,alloc,24,0x5dedc3220150,24
485544957565,MEMORY,alloc,30,0x5dedc3220590,30
485544958249,MEMORY,alloc,30,0x5dedc32205c0,30
485544959305,MEMORY,alloc,32,0x5dedc32205f0,32
485544960054,MEMORY,alloc,30,0x5dedc3220620,30
485544962110,MEMORY,alloc,40,0x5dedc3220650,40
485544963299,MEMORY,alloc,37,0x5dedc3220680,37
485544964065,MEMORY,alloc,41,0x5dedc32206b0,41
485545174404,MEMORY,alloc,43,0x5dedc32206f0,43
485545176455,MEMORY,alloc,32,0x5dedc3220730,32
485545177385,MEMORY,alloc,37,0x5dedc3220760,37
485545178507,MEMORY,alloc,52,0x5dedc3220790,52
485545179346,MEMORY,alloc,47,0x5dedc32207d0,47
485545180271,MEMORY,alloc,37,0x5dedc3220810,37
485545181165,MEMORY,alloc,37,0x5dedc3220840,37
485545182260,MEMORY,alloc,48,0x5dedc3220870,48
485545183326,MEMORY,alloc,39,0x5dedc32208b0,39
485545184255,MEMORY,alloc,58,0x5dedc32208e0,58
485545185255,MEMORY,alloc,54,0x5dedc3220930,54
485545195483,MEMORY,alloc,44,0x5dedc3220970,44
485545196525,MEMORY,alloc,36,0x5dedc32209b0,36
485545209151,MEMORY,alloc,38,0x5dedc32209e0,38
485545210128,MEMORY,alloc,48,0x5dedc3220a10,48
485545210989,MEMORY,alloc,27,0x5dedc3220a50,27
485545211926,MEMORY,alloc,36,0x5dedc3220a80,36
485545212837,MEMORY,alloc,38,0x5dedc3220ab0,38
485545213684,MEMORY,alloc,35,0x5dedc3220ae0,35
485545214775,MEMORY,alloc,42,0x5dedc3220b10,42
485545215753,MEMORY,alloc,37,0x5dedc3220b50,37
485545216700,MEMORY,alloc,44,0x5dedc3220b80,44
485545217709,MEMORY,alloc,33,0x5dedc3220bc0,33
485545512746,MEMORY,alloc,36,0x5dedc3220bf0,36
485545514859,MEMORY,alloc,32,0x5dedc3220c20,32
485545525592,MEMORY,alloc,37,0x5dedc3221070,37
485545526453,MEMORY,alloc,37,0x5dedc32210a0,37
485545527511,MEMORY,alloc,44,0x5dedc32210d0,44
485545528641,MEMORY,alloc,36,0x5dedc3221110,36
485545529478,MEMORY,alloc,35,0x5dedc3221140,35
485545537153,MEMORY,alloc,31,0x5dedc3221170,31
485545538296,MEMORY,alloc,37,0x5dedc32211a0,37
485545539228,MEMORY,alloc,38,0x5dedc32211d0,38
485545540181,MEMORY,alloc,42,0x5dedc3221200,42
485545541508,MEMORY,alloc,42,0x5dedc3221240,42
485545542717,MEMORY,alloc,34,0x5dedc3221280,34
485545543639,MEMORY,alloc,44,0x5dedc32212b0,44
485545544667,MEMORY,alloc,38,0x5dedc32212f0,38
485545545696,MEMORY,alloc,38,0x5dedc3221320,38
485545546730,MEMORY,alloc,47,0x5dedc3221350,47
485545547844,MEMORY,alloc,46,0x5dedc3221390,46
485545549228,MEMORY,alloc,47,0x5dedc32213d0,47
485545550783,MEMORY,alloc,41,0x5dedc3221410,41
485545551650,MEMORY,alloc,44,0x5dedc3221450,44
485545558966,MEMORY,alloc,50,0x5dedc3221490,50
485545559825,MEMORY,alloc,44,0x5dedc32214d0,44
485545560706,MEMORY,alloc,56,0x5dedc3221510,56
485545561718,MEMORY,alloc,52,0x5dedc3221550,52
485545562661,MEMORY,alloc,50,0x5dedc3221590,50
485545563629,MEMORY,alloc,46,0x5dedc32215d0,46
485545564656,MEMORY,alloc,47,0x5dedc3221610,47
485545570568,MEMORY,alloc,48,0x5dedc3221650,48
485545571442,MEMORY,alloc,46,0x5dedc3221690,46
485545572411,MEMORY,alloc,48,0x5dedc32216d0,48
485545573183,MEMORY,alloc,47,0x5dedc3221710,47
485545584750,MEMORY,alloc,48,0x5dedc3221750,48
485545585628,MEMORY,alloc,48,0x5dedc3221790,48
485545586702,MEMORY,alloc,43,0x5dedc3221bf0,43
485545587828,MEMORY,alloc,40,0x5dedc3221c30,40
485545588969,MEMORY,alloc,46,0x5dedc3221c60,46
485545589733,MEMORY,alloc,42,0x5dedc3221ca0,42
485545590462,MEMORY,alloc,50,0x5dedc3221ce0,50
485545591182,MEMORY,alloc,48,0x5dedc3221d20,48
485545958032,MEMORY,alloc,53,0x5dedc3221d60,53
485545959701,MEMORY,alloc,45,0x5dedc3221da0,45
485545960815,MEMORY,alloc,40,0x5dedc3221de0,40
485545961756,MEMORY,alloc,41,0x5dedc3221e10,41
485545962610,MEMORY,alloc,42,0x5dedc3221e50,42
485545963420,MEMORY,alloc,40,0x5dedc3221e90,40
485545964197,MEMORY,alloc,31,0x5dedc3221ec0,31
485545965068,MEMORY,alloc,40,0x5dedc3221ef0,40
485545965951,MEMORY,alloc,40,0x5dedc3221f20,40
485545975320,MEMORY,alloc,48,0x5dedc3221f50,48
485545976308,MEMORY,alloc,39,0x5dedc3221f90,39
485545977080,MEMORY,alloc,41,0x5dedc3221fc0,41
485545983950,MEMORY,alloc,48,0x5dedc3222000,48
485545985083,MEMORY,alloc,31,0x5dedc3222040,31
485545985849,MEMORY,alloc,37,0x5dedc3222070,37
485545986812,MEMORY,alloc,30,0x5dedc32220a0,30
485545987586,MEMORY,alloc,38,0x5dedc32220d0,38
485545988666,MEMORY,alloc,34,0x5dedc3222100,34
485545989544,MEMORY,alloc,32,0x5dedc3222130,32
485545990546,MEMORY,alloc,44,0x5dedc3222160,44
485545991541,MEMORY,alloc,49,0x5dedc32221a0,49
485545992508,MEMORY,alloc,47,0x5dedc32221e0,47
485545993361,MEMORY,alloc,42,0x5dedc3222220,42
485545994283,MEMORY,alloc,56,0x5dedc3222260,56
485545995099,MEMORY,alloc,41,0x5dedc32222a0,41
485545996294,MEMORY,alloc,53,0x5dedc32222e0,53
485545998989,MEMORY,alloc,18,0x5dedc3222740,18
485545999413,MEMORY,alloc,40,0x5dedc3222760,40
485546016065,MEMORY,alloc,72,0x5dedc3222790,72
485546016442,MEMORY,alloc,18,0x5dedc32227e0,18
485546024473,MEMORY,alloc,18,0x5dedc3222800,18
485546025697,MEMORY,alloc,40,0x5dedc3222820,40
485546033462,MEMORY,free_unknown,0,0x5dedc3222760,0
485546036533,MEMORY,free_unknown,0,0x5dedc3222740,0
485546037874,MEMORY,alloc,41,0x5dedc3222850,41
485546051021,MEMORY,alloc,43,0x5dedc3222890,43
485546052037,MEMORY,alloc,52,0x5dedc32228d0,52
485546052851,MEMORY,alloc,42,0x5dedc3222910,42
485546060425,MEMORY,alloc,46,0x5dedc3222950,46
485546365257,MEMORY,alloc,50,0x5dedc3222990,50
485546367060,MEMORY,alloc,20,0x5dedc3222740,20
485546367445,MEMORY,alloc,53,0x5dedc32229d0,53
485546368547,MEMORY,alloc,72,0x5dedc3222a10,72
485546368824,MEMORY,alloc,20,0x5dedc3222a60,20
485546370585,MEMORY,alloc,256,0x5dedc3222a80,256
485546370903,MEMORY,alloc,20,0x5dedc3222b90,20
485546377342,MEMORY,free_unknown,0,0x5dedc3216a40,0
485546378375,MEMORY,alloc,53,0x5dedc3222bb0,53
485546381164,MEMORY,free_unknown,0,0x5dedc32229d0,0
485546383604,MEMORY,free_unknown,0,0x5dedc3222740,0
485546897306,MEMORY,alloc,44,0x5dedc32229d0,44
485546899431,MEMORY,alloc,46,0x5dedc3222bf0,46
485546900785,MEMORY,alloc,41,0x5dedc3222c30,41
485547405024,MEMORY,alloc,41,0x5dedc3222c70,41
485547406980,MEMORY,alloc,34,0x5dedc3222760,34
485547419559,MEMORY,alloc,57,0x5dedc3222cb0,57
485547420975,MEMORY,alloc,48,0x5dedc3222d00,48
485547422126,MEMORY,alloc,31,0x5dedc3222d40,31
485547423701,MEMORY,alloc,45,0x5dedc3222d70,45
485547424782,MEMORY,alloc,17,0x5dedc3222740,17
485547425113,MEMORY,alloc,41,0x5dedc3222db0,41
485547426254,MEMORY,alloc,72,0x5dedc3222df0,72
485547426570,MEMORY,alloc,17,0x5dedc3222e40,17
485547427603,MEMORY,alloc,17,0x5dedc3222e60,17
485547428518,MEMORY,alloc,41,0x5dedc3222e80,41
485547434568,MEMORY,free_unknown,0,0x5dedc3222db0,0
485547447595,MEMORY,free_unknown,0,0x5dedc3222740,0
485547768454,MEMORY,alloc,57,0x5dedc3222ec0,57
485547769901,MEMORY,alloc,43,0x5dedc3222db0,43
485547771081,MEMORY,alloc,72,0x5dedc3222f10,72
485547772630,MEMORY,alloc,43,0x5dedc3222f60,43
485547777726,MEMORY,free_unknown,0,0x5dedc3222db0,0
485547778222,MEMORY,alloc,42,0x5dedc3222db0,42
485547778867,MEMORY,alloc,72,0x5dedc3222fa0,72
485547789528,MEMORY,alloc,42,0x5dedc3222ff0,42
485547792582,MEMORY,free_unknown,0,0x5dedc3222db0,0
485547794546,MEMORY,alloc,54,0x5dedc3222db0,54
485547795841,MEMORY,alloc,49,0x5dedc3223030,49
485547797008,MEMORY,alloc,40,0x5dedc3223070,40
485547797868,MEMORY,alloc,40,0x5dedc32230a0,40
485547799056,MEMORY,alloc,50,0x5dedc32230d0,50
485547799953,MEMORY,alloc,51,0x5dedc3223110,51
485547800843,MEMORY,alloc,42,0x5dedc3223150,42
485547801928,MEMORY,alloc,43,0x5dedc3223190,43
485547802859,MEMORY,alloc,47,0x5dedc32231d0,47
485547810556,MEMORY,alloc,39,0x5dedc3223210,39
485547811576,MEMORY,alloc,41,0x5dedc3223240,41
485547822498,MEMORY,alloc,36,0x5dedc3223280,36
485547823426,MEMORY,alloc,35,0x5dedc32232b0,35
485547823978,MEMORY,alloc,24,0x5dedc3222740,24
485547824422,MEMORY,alloc,47,0x5dedc32232e0,47
485547825129,MEMORY,alloc,72,0x5dedc3223320,72
485547825411,MEMORY,alloc,24,0x5dedc3223370,24
485547826679,MEMORY,alloc,512,0x5dedc3223390,512
485547827024,MEMORY,alloc,24,0x5dedc32235a0,24
485547830607,MEMORY,free_unknown,0,0x5dedc3222a80,0
485547831410,MEMORY,alloc,47,0x5dedc32235c0,47
485547833815,MEMORY,free_unknown,0,0x5dedc32232e0,0
485547836063,MEMORY,free_unknown,0,0x5dedc3222740,0
485547836659,MEMORY,alloc,40,0x5dedc3223600,40
485547837456,MEMORY,alloc,72,0x5dedc3223630,72
485547838541,MEMORY,alloc,40,0x5dedc3223680,40
485547840852,MEMORY,free_unknown,0,0x5dedc3223600,0
485547841610,MEMORY,alloc,47,0x5dedc32232e0,47
485547842535,MEMORY,alloc,36,0x5dedc3223600,36
485547844117,MEMORY,alloc,41,0x5dedc32236b0,41
485548136180,MEMORY,alloc,51,0x5dedc3223b10,51
485548138045,MEMORY,alloc,27,0x5dedc3223b50,27
485548138849,MEMORY,alloc,32,0x5dedc3223b80,32
485548139589,MEMORY,alloc,40,0x5dedc3223bb0,40
485548140475,MEMORY,alloc,50,0x5dedc3223be0,50
485548141247,MEMORY,alloc,34,0x5dedc3223c20,34
485548142274,MEMORY,alloc,33,0x5dedc3223c50,33
485548143151,MEMORY,alloc,43,0x5dedc3223c80,43
485548160838,MEMORY,alloc,32,0x5dedc3223cc0,32
485548162121,MEMORY,alloc,34,0x5dedc3223cf0,34
485548163061,MEMORY,alloc,36,0x5dedc3223d20,36
485548163963,MEMORY,alloc,43,0x5dedc3223d50,43
485548458487,MEMORY,alloc,38,0x5dedc3223d90,38
485548459924,MEMORY,alloc,41,0x5dedc3223dc0,41
485548460693,MEMORY,alloc,40,0x5dedc3223e00,40
485548461603,MEMORY,alloc,47,0x5dedc3223e30,47
485548462428,MEMORY,alloc,44,0x5dedc3223e70,44
485548463311,MEMORY,alloc,42,0x5dedc3223eb0,42
485548464393,MEMORY,alloc,40,0x5dedc3223ef0,40
485548465727,MEMORY,alloc,31,0x5dedc3223f20,31
485548477336,MEMORY,alloc,28,0x5dedc3223f50,28
485548478511,MEMORY,alloc,46,0x5dedc3223f80,46
485548479677,MEMORY,alloc,29,0x5dedc3223fc0,29
485548490999,MEMORY,alloc,40,0x5dedc3223ff0,40
485548493350,MEMORY,alloc,38,0x5dedc3224020,38
485548495320,MEMORY,alloc,49,0x5dedc3224050,49
485548499366,MEMORY,alloc,41,0x5dedc3224090,41
485548505028,MEMORY,alloc,60,0x5dedc32240d0,60
485548512760,MEMORY,alloc,47,0x5dedc3224120,47
485548513426,MEMORY,alloc,50,0x5dedc3224160,50
485548518697,MEMORY,alloc,51,0x5dedc32241a0,51
485548531157,MEMORY,alloc,39,0x5dedc32241e0,39
485548533218,MEMORY,alloc,43,0x5dedc3224630,43
485548534486,MEMORY,alloc,44,0x5dedc3224670,44
485548535376,MEMORY,alloc,43,0x5dedc32246b0,43
485548820606,MEMORY,alloc,44,0x5dedc32246f0,44
485548822381,MEMORY,alloc,44,0x5dedc3224730,44
485548823442,MEMORY,alloc,37,0x5dedc3224770,37
485548824224,MEMORY,alloc,41,0x5dedc32247a0,41
485548834550,MEMORY,alloc,48,0x5dedc32247e0,48
485548842571,MEMORY,alloc,56,0x5dedc3224820,56
485548843662,MEMORY,alloc,37,0x5dedc3224860,37
485548844487,MEMORY,alloc,34,0x5dedc3224890,34
485548845415,MEMORY,alloc,36,0x5dedc32248c0,36
485548846153,MEMORY,alloc,41,0x5dedc32248f0,41
485548847589,MEMORY,alloc,39,0x5dedc3224930,39
485548857191,MEMORY,alloc,51,0x5dedc3224960,51
485548858342,MEMORY,alloc,53,0x5dedc32249a0,53
485548859501,MEMORY,alloc,65,0x5dedc32249e0,65
485548860475,MEMORY,alloc,39,0x5dedc3224a30,39
485549177243,MEMORY,alloc,48,0x5dedc3224a60,48
485549179209,MEMORY,alloc,43,0x5dedc3224aa0,43
485549188594,MEMORY,alloc,39,0x5dedc3224ae0,39
485549189441,MEMORY,alloc,42,0x5dedc3224b10,42
485549190330,MEMORY,alloc,42,0x5dedc3224b50,42
485549191158,MEMORY,alloc,40,0x5dedc3224b90,40
485549192465,MEMORY,alloc,43,0x5dedc3224bc0,43
485549193635,MEMORY,alloc,44,0x5dedc3224c00,44
485549194540,MEMORY,alloc,48,0x5dedc3224c40,48
485549195475,MEMORY,alloc,38,0x5dedc3224c80,38
485549512197,MEMORY,alloc,49,0x5dedc3224cb0,49
485549513881,MEMORY,alloc,59,0x5dedc3224cf0,59
485549515347,MEMORY,alloc,54,0x5dedc3224d40,54
485549516363,MEMORY,alloc,56,0x5dedc3224d80,56
485549527180,MEMORY,alloc,59,0x5dedc32251e0,59
485549528626,MEMORY,alloc,57,0x5dedc3225230,57
485549529969,MEMORY,alloc,71,0x5dedc3225280,71
485549531276,MEMORY,alloc,52,0x5dedc32252d0,52
485549532401,MEMORY,alloc,41,0x5dedc3225310,41
485549533605,MEMORY,alloc,41,0x5dedc3225350,41
485549544612,MEMORY,alloc,53,0x5dedc3225390,53
485549551729,MEMORY,alloc,35,0x5dedc32253d0,35
485549553246,MEMORY,alloc,31,0x5dedc3225400,31
485549554162,MEMORY,alloc,31,0x5dedc3225430,31
485549621549,MEMORY,alloc,43,0x5dedc321a490,43
485549915625,MEMORY,alloc,46,0x5dedc321a4d0,46
485549917303,MEMORY,alloc,37,0x5dedc321a510,37
485549918759,MEMORY,alloc,42,0x5dedc321a540,42
485549920235,MEMORY,alloc,40,0x5dedc321a580,40
485549921003,MEMORY,alloc,33,0x5dedc321a5b0,33
485549921941,MEMORY,alloc,41,0x5dedc321a5e0,41
485549922736,MEMORY,alloc,41,0x5dedc321a620,41
485549923739,MEMORY,alloc,51,0x5dedc321a660,51
485549924779,MEMORY,alloc,54,0x5dedc321a6a0,54
485549925675,MEMORY,alloc,29,0x5dedc321a6e0,29
485549926556,MEMORY,alloc,33,0x5dedc321a710,33
485549927403,MEMORY,alloc,38,0x5dedc321a740,38
485549928470,MEMORY,alloc,37,0x5dedc321a770,37
485549929311,MEMORY,alloc,39,0x5dedc321a7a0,39
485549930086,MEMORY,alloc,31,0x5dedc321a7d0,31
485549939814,MEMORY,alloc,38,0x5dedc321a800,38
485549940754,MEMORY,alloc,40,0x5dedc321a830,40
485549941496,MEMORY,alloc,46,0x5dedc321a860,46
485549942412,MEMORY,alloc,33,0x5dedc321a8a0,33
485549943110,MEMORY,alloc,43,0x5dedc321a8d0,43
485549944056,MEMORY,alloc,44,0x5dedc321a910,44
485549946339,MEMORY,alloc,41,0x5dedc321ad70,41
485550537691,MEMORY,alloc,37,0x5dedc321adb0,37
485550539743,MEMORY,alloc,37,0x5dedc321ade0,37
485550540523,MEMORY,alloc,41,0x5dedc321ae10,41
485550541848,MEMORY,alloc,48,0x5dedc321ae50,48
485550543255,MEMORY,alloc,40,0x5dedc321ae90,40
485550544355,MEMORY,alloc,50,0x5dedc321aec0,50
485550557445,MEMORY,alloc,52,0x5dedc321af00,52
485550558342,MEMORY,alloc,52,0x5dedc321af40,52
485550559483,MEMORY,alloc,37,0x5dedc321af80,37
485550560753,MEMORY,alloc,39,0x5dedc321afb0,39
485550561796,MEMORY,alloc,28,0x5dedc321afe0,28
485550562934,MEMORY,alloc,38,0x5dedc321b010,38
485550564006,MEMORY,alloc,38,0x5dedc321b040,38
485550564877,MEMORY,alloc,34,0x5dedc321b070,34
485550575563,MEMORY,alloc,38,0x5dedc321b0a0,38
485550877388,MEMORY,alloc,38,0x5dedc321b0d0,38
485550889706,MEMORY,alloc,50,0x5dedc321b100,50
485550901063,MEMORY,alloc,47,0x5dedc321b140,47
485550902519,MEMORY,alloc,72,0x5dedc321b180,72
485550904202,MEMORY,alloc,47,0x5dedc321b1d0,47
485550911337,MEMORY,free_unknown,0,0x5dedc321b140,0
485550911930,MEMORY,alloc,53,0x5dedc321b140,53
485550912724,MEMORY,alloc,72,0x5dedc321b210,72
485550913809,MEMORY,alloc,53,0x5dedc321b260,53
485550916543,MEMORY,free_unknown,0,0x5dedc321b140,0
485550927531,MEMORY,alloc,40,0x5dedc321b2a0,40
485550928602,MEMORY,alloc,34,0x5dedc321b2d0,34
485550929155,MEMORY,alloc,36,0x5dedc321b300,36
485550929427,MEMORY,alloc,54,0x5dedc321b140,54
485550930183,MEMORY,alloc,72,0x5dedc321b330,72
485550930555,MEMORY,alloc,36,0x5dedc321b380,36
485550931120,MEMORY,alloc,36,0x5dedc321b3b0,36
485550931616,MEMORY,alloc,54,0x5dedc321b3e0,54
485550934310,MEMORY,free_unknown,0,0x5dedc321b140,0
485550945786,MEMORY,free_unknown,0,0x5dedc321b300,0
485550946855,MEMORY,alloc,34,0x5dedc321b300,34
485551532173,MEMORY,alloc,44,0x5dedc321b140,44
485551534709,MEMORY,alloc,35,0x5dedc321b420,35
485551535615,MEMORY,alloc,29,0x5dedc321b450,29
485551536324,MEMORY,alloc,28,0x5dedc321b480,28
485551537090,MEMORY,alloc,32,0x5dedc321b4b0,32
485551538131,MEMORY,alloc,34,0x5dedc321b4e0,34
485551546880,MEMORY,alloc,39,0x5dedc321b510,39
485551547946,MEMORY,alloc,40,0x5dedc321b540,40
485551548941,MEMORY,alloc,48,0x5dedc321b570,48
485551549996,MEMORY,alloc,39,0x5dedc321b5b0,39
485551550972,MEMORY,alloc,58,0x5dedc321b5e0,58
485551553838,MEMORY,alloc,37,0x5dedc321ba50,37
485551555193,MEMORY,alloc,50,0x5dedc321ba80,50
485551565560,MEMORY,alloc,37,0x5dedc321bac0,37
485551886405,MEMORY,alloc,55,0x5dedc321baf0,55
485551887985,MEMORY,alloc,53,0x5dedc321bb30,53
485551889554,MEMORY,alloc,43,0x5dedc321bb70,43
485551890544,MEMORY,alloc,35,0x5dedc321bbb0,35
485551891543,MEMORY,alloc,48,0x5dedc321bbe0,48
485551892481,MEMORY,alloc,47,0x5dedc321bc20,47
485551900145,MEMORY,alloc,57,0x5dedc321bc60,57
485551901367,MEMORY,alloc,44,0x5dedc321bcb0,44
485551902359,MEMORY,alloc,75,0x5dedc321bcf0,75
485551903556,MEMORY,alloc,57,0x5dedc321bd50,57
485551904491,MEMORY,alloc,42,0x5dedc321bda0,42
485551905634,MEMORY,alloc,37,0x5dedc321bde0,37
485551906678,MEMORY,alloc,27,0x5dedc321be10,27
485551907619,MEMORY,alloc,37,0x5dedc321be40,37
485551908564,MEMORY,alloc,33,0x5dedc321be70,33
485551909538,MEMORY,alloc,36,0x5dedc321bea0,36
485551910329,MEMORY,alloc,35,0x5dedc321bed0,35
485551911259,MEMORY,alloc,34,0x5dedc321bf00,34
485551912359,MEMORY,alloc,47,0x5dedc321bf30,47
485551913296,MEMORY,alloc,42,0x5dedc321bf70,42
485552311910,MEMORY,alloc,51,0x5dedc321bfb0,51
485552314066,MEMORY,alloc,52,0x5dedc321bff0,52
485552315459,MEMORY,alloc,55,0x5dedc321c030,55
485552316691,MEMORY,alloc,20,0x5dedc3222740,20
485552317165,MEMORY,alloc,51,0x5dedc321c070,51
485552318618,MEMORY,alloc,72,0x5dedc321c0b0,72
485552318944,MEMORY,alloc,20,0x5dedc321c100,20
485552320174,MEMORY,alloc,20,0x5dedc321c120,20
485552321319,MEMORY,alloc,51,0x5dedc321c140,51
485552328142,MEMORY,free_unknown,0,0x5dedc321c070,0
485552330949,MEMORY,free_unknown,0,0x5dedc3222740,0
485552624348,MEMORY,alloc,42,0x5dedc321c070,42
485552626454,MEMORY,alloc,59,0x5dedc321c180,59
485552627302,MEMORY,alloc,49,0x5dedc321c1d0,49
485552628680,MEMORY,alloc,44,0x5dedc321c210,44
485552629610,MEMORY,alloc,48,0x5dedc321c250,48
485552631405,MEMORY,alloc,50,0x5dedc321c290,50
485552634324,MEMORY,alloc,47,0x5dedc321c6f0,47
485552635396,MEMORY,alloc,42,0x5dedc321c730,42
485552636438,MEMORY,alloc,56,0x5dedc321c770,56
485552637302,MEMORY,alloc,42,0x5dedc321c7b0,42
485552638206,MEMORY,alloc,37,0x5dedc321c7f0,37
485552639162,MEMORY,alloc,63,0x5dedc321c820,63
485552640013,MEMORY,alloc,44,0x5dedc321c870,44
485552641055,MEMORY,alloc,46,0x5dedc321c8b0,46
485552642448,MEMORY,alloc,45,0x5dedc321c8f0,45
485553044737,MEMORY,alloc,39,0x5dedc321c930,39
485553046849,MEMORY,alloc,48,0x5dedc321c960,48
485553057826,MEMORY,alloc,50,0x5dedc321c9a0,50
485553352496,MEMORY,alloc,36,0x5dedc321c9e0,36
485553354171,MEMORY,alloc,43,0x5dedc321ca10,43
485553355534,MEMORY,alloc,44,0x5dedc321ca50,44
485553367866,MEMORY,alloc,32,0x5dedc321ca90,32
485553368816,MEMORY,alloc,39,0x5dedc321cac0,39
485553369850,MEMORY,alloc,40,0x5dedc321caf0,40
485553370924,MEMORY,alloc,43,0x5dedc321cb20,43
485553372054,MEMORY,alloc,41,0x5dedc321cb60,41
485553372924,MEMORY,alloc,42,0x5dedc321cba0,42
485553381627,MEMORY,alloc,35,0x5dedc321cbe0,35
485553382532,MEMORY,alloc,30,0x5dedc321cc10,30
485553383976,MEMORY,alloc,33,0x5dedc321cc40,33
485553385036,MEMORY,alloc,46,0x5dedc321cc70,46
485553385758,MEMORY,alloc,44,0x5dedc321ccb0,44
485553386726,MEMORY,alloc,38,0x5dedc321ccf0,38
485553690215,MEMORY,alloc,43,0x5dedc321cd20,43
485553691579,MEMORY,alloc,39,0x5dedc321cd60,39
485553692687,MEMORY,alloc,30,0x5dedc321cd90,30
485553693640,MEMORY,alloc,38,0x5dedc321cdc0,38
485553694735,MEMORY,alloc,29,0x5dedc321cdf0,29
485553707226,MEMORY,alloc,39,0x5dedc321d240,39
485553708031,MEMORY,alloc,29,0x5dedc321d270,29
485553708854,MEMORY,alloc,33,0x5dedc321d2a0,33
485553720194,MEMORY,alloc,46,0x5dedc321d2d0,46
485553721345,MEMORY,alloc,46,0x5dedc321d310,46
485553722689,MEMORY,alloc,47,0x5dedc321d350,47
485553723745,MEMORY,alloc,51,0x5dedc321d390,51
485553724810,MEMORY,alloc,51,0x5dedc321d3d0,51
485553725964,MEMORY,alloc,47,0x5dedc321d410,47
485553727261,MEMORY,alloc,61,0x5dedc321d450,61
485553729446,MEMORY,alloc,27,0x5dedc322b480,27
485553730717,MEMORY,alloc,42,0x5dedc322b4b0,42
485553731798,MEMORY,alloc,32,0x5dedc322b4f0,32
485553733022,MEMORY,alloc,41,0x5dedc322b520,41
485554119206,MEMORY,alloc,39,0x5dedc322b560,39
485554121102,MEMORY,alloc,36,0x5dedc322b590,36
485554142856,MEMORY,alloc,47,0x5dedc322b5c0,47
485554143926,MEMORY,alloc,40,0x5dedc322b600,40
485554145685,MEMORY,alloc,48,0x5dedc322b630,48
485554146542,MEMORY,alloc,37,0x5dedc322b670,37
485554480739,MEMORY,alloc,47,0x5dedc322b6a0,47
485554482667,MEMORY,alloc,42,0x5dedc322b6e0,42
485554483931,MEMORY,alloc,49,0x5dedc322b720,49
485554486172,MEMORY,alloc,36,0x5dedc322b760,36
485554487937,MEMORY,alloc,42,0x5dedc322b790,42
485554489620,MEMORY,alloc,45,0x5dedc322b7d0,45
485554491355,MEMORY,alloc,43,0x5dedc322b810,43
485554492339,MEMORY,alloc,45,0x5dedc322b850,45
485554493692,MEMORY,alloc,44,0x5dedc322b890,44
485554494518,MEMORY,alloc,44,0x5dedc322b8d0,44
485554505845,MEMORY,alloc,43,0x5dedc322b910,43
485555169477,MEMORY,alloc,46,0x5dedc322b950,46
485555172906,MEMORY,alloc,44,0x5dedc322bdb0,44
485555173708,MEMORY,alloc,45,0x5dedc322bdf0,45
485555174917,MEMORY,alloc,47,0x5dedc322be30,47
485555176343,MEMORY,alloc,33,0x5dedc322be70,33
485555177470,MEMORY,alloc,46,0x5dedc322bea0,46
485555178449,MEMORY,alloc,38,0x5dedc322bee0,38
485555179901,MEMORY,alloc,52,0x5dedc322bf10,52
485555192310,MEMORY,alloc,35,0x5dedc322bf50,35
485555193185,MEMORY,alloc,42,0x5dedc322bf80,42
485555194094,MEMORY,alloc,51,0x5dedc322bfc0,51
485555205470,MEMORY,alloc,40,0x5dedc322c000,40
485555206748,MEMORY,alloc,41,0x5dedc322c030,41
485555207900,MEMORY,alloc,52,0x5dedc322c070,52
485555208923,MEMORY,alloc,51,0x5dedc322c0b0,51
485555210050,MEMORY,alloc,47,0x5dedc322c0f0,47
485555210775,MEMORY,alloc,43,0x5dedc322c130,43
485555217523,MEMORY,alloc,57,0x5dedc322c170,57
485555218650,MEMORY,alloc,55,0x5dedc322c1c0,55
485555219532,MEMORY,alloc,40,0x5dedc322c200,40
485555220473,MEMORY,alloc,41,0x5dedc322c230,41
485555221381,MEMORY,alloc,43,0x5dedc322c270,43
485555736845,MEMORY,alloc,42,0x5dedc322c2b0,42
485555738957,MEMORY,alloc,41,0x5dedc322c2f0,41
485555739923,MEMORY,alloc,44,0x5dedc322c330,44
485555740971,MEMORY,alloc,43,0x5dedc322c370,43
485555742173,MEMORY,alloc,31,0x5dedc322c3b0,31
485556243205,MEMORY,alloc,52,0x5dedc322c3e0,52
485556244798,MEMORY,alloc,38,0x5dedc322c420,38
485556246128,MEMORY,alloc,36,0x5dedc322c450,36
485556247252,MEMORY,alloc,34,0x5dedc322c480,34
485556248066,MEMORY,alloc,38,0x5dedc322c4b0,38
485556248805,MEMORY,alloc,37,0x5dedc322c4e0,37
485556250399,MEMORY,alloc,44,0x5dedc322c930,44
485556251409,MEMORY,alloc,47,0x5dedc322c970,47
485556252946,MEMORY,alloc,40,0x5dedc322c9b0,40
485556253888,MEMORY,alloc,44,0x5dedc322c9e0,44
485556255021,MEMORY,alloc,40,0x5dedc322ca20,40
485556265877,MEMORY,alloc,29,0x5dedc322ca50,29
485556267159,MEMORY,alloc,30,0x5dedc322ca80,30
485556269174,MEMORY,alloc,27,0x5dedc322cab0,27
485556269950,MEMORY,alloc,39,0x5dedc322cae0,39
485556270925,MEMORY,alloc,38,0x5dedc322cb10,38
485556271776,MEMORY,alloc,36,0x5dedc322cb40,36
485556272606,MEMORY,alloc,39,0x5dedc322cb70,39
485556273307,MEMORY,alloc,36,0x5dedc322cba0,36
485556274183,MEMORY,alloc,32,0x5dedc322cbd0,32
485556274939,MEMORY,alloc,31,0x5dedc322cc00,31
485556275912,MEMORY,alloc,28,0x5dedc322cc30,28
485556276715,MEMORY,alloc,44,0x5dedc322cc60,44
485556277793,MEMORY,alloc,34,0x5dedc322cca0,34
485556278593,MEMORY,alloc,36,0x5dedc322ccd0,36
485556279301,MEMORY,alloc,33,0x5dedc322cd00,33
485556280070,MEMORY,alloc,44,0x5dedc322cd30,44
485556280781,MEMORY,alloc,44,0x5dedc322cd70,44
485556319720,MEMORY,alloc,32,0x5dedc322cdb0,32
485556320900,MEMORY,alloc,27,0x5dedc322cde0,27
485556321681,MEMORY,alloc,39,0x5dedc322ce10,39
485556328456,MEMORY,alloc,50,0x5dedc322ce40,50
485556329394,MEMORY,alloc,30,0x5dedc322ce80,30
485556330443,MEMORY,alloc,46,0x5dedc322ceb0,46
485556331582,MEMORY,alloc,47,0x5dedc322cef0,47
485556343338,MEMORY,alloc,34,0x5dedc322cf30,34
485556345427,MEMORY,alloc,36,0x5dedc322cf60,36
485556346606,MEMORY,alloc,46,0x5dedc322cf90,46
485556354469,MEMORY,alloc,40,0x5dedc322d3f0,40
485556355532,MEMORY,alloc,46,0x5dedc322d420,46
485556356422,MEMORY,alloc,48,0x5dedc322d460,48
485556357491,MEMORY,alloc,45,0x5dedc322d4a0,45
485556358274,MEMORY,alloc,45,0x5dedc322d4e0,45
485556359145,MEMORY,alloc,40,0x5dedc322d520,40
485556360035,MEMORY,alloc,41,0x5dedc322d550,41
485556361024,MEMORY,alloc,43,0x5dedc322d590,43
485556362020,MEMORY,alloc,51,0x5dedc322d5d0,51
485556363047,MEMORY,alloc,48,0x5dedc322d610,48
485556363796,MEMORY,alloc,48,0x5dedc322d650,48
485556370498,MEMORY,alloc,52,0x5dedc322d690,52
485556373023,MEMORY,alloc,53,0x5dedc322d6d0,53
485556399642,MEMORY,alloc,52,0x5dedc322d710,52
485556401103,MEMORY,alloc,57,0x5dedc322d750,57
485556401954,MEMORY,alloc,50,0x5dedc322d7a0,50
485556402670,MEMORY,alloc,46,0x5dedc322d7e0,46
485556403703,MEMORY,alloc,48,0x5dedc322d820,48
485556404937,MEMORY,alloc,45,0x5dedc322d860,45
485556406465,MEMORY,alloc,51,0x5dedc322d8a0,51
485556407994,MEMORY,alloc,54,0x5dedc322d8e0,54
485556409587,MEMORY,alloc,52,0x5dedc322d920,52
485556410738,MEMORY,alloc,44,0x5dedc322d960,44
485556411683,MEMORY,alloc,43,0x5dedc322d9a0,43
485556412667,MEMORY,alloc,36,0x5dedc322d9e0,36
485556828118,MEMORY,alloc,42,0x5dedc322da10,42
485556851964,MEMORY,alloc,36,0x5dedc322da50,36
485556853842,MEMORY,alloc,40,0x5dedc322da80,40
485556854884,MEMORY,alloc,39,0x5dedc322dab0,39
485556865719,MEMORY,alloc,37,0x5dedc322dae0,37
485556867510,MEMORY,alloc,50,0x5dedc322db10,50
485556868407,MEMORY,alloc,48,0x5dedc322db50,48
485556870409,MEMORY,alloc,49,0x5dedc322dfb0,49
485556877805,MEMORY,alloc,59,0x5dedc322dff0,59
485556879057,MEMORY,alloc,53,0x5dedc322e040,53
485556880255,MEMORY,alloc,41,0x5dedc322e080,41
485556881137,MEMORY,alloc,49,0x5dedc322e0c0,49
485556882059,MEMORY,alloc,40,0x5dedc322e100,40
485556882921,MEMORY,alloc,41,0x5dedc322e130,41
485556884129,MEMORY,alloc,37,0x5dedc322e170,37
485556884894,MEMORY,alloc,39,0x5dedc322e1a0,39
485556885792,MEMORY,alloc,47,0x5dedc322e1d0,47
485556887097,MEMORY,alloc,54,0x5dedc322e210,54
485557425271,MEMORY,alloc,39,0x5dedc322e250,39
485557427451,MEMORY,alloc,46,0x5dedc322e280,46
485557428819,MEMORY,alloc,48,0x5dedc322e2c0,48
485557430077,MEMORY,alloc,50,0x5dedc322e300,50
485557430926,MEMORY,alloc,42,0x5dedc322e340,42
485557432402,MEMORY,alloc,56,0x5dedc322e380,56
485557743394,MEMORY,alloc,47,0x5dedc322e3c0,47
485557745685,MEMORY,alloc,46,0x5dedc322e400,46
485557746766,MEMORY,alloc,48,0x5dedc322e440,48
485557747865,MEMORY,alloc,55,0x5dedc322e480,55
485557749177,MEMORY,alloc,53,0x5dedc322e4c0,53
485557750085,MEMORY,alloc,45,0x5dedc322e500,45
485557750755,MEMORY,alloc,45,0x5dedc322e540,45
485557751978,MEMORY,alloc,51,0x5dedc322e580,51
485557752648,MEMORY,alloc,51,0x5dedc322e5c0,51
485557753715,MEMORY,alloc,46,0x5dedc322e600,46
485557754560,MEMORY,alloc,55,0x5dedc322e640,55
485557766644,MEMORY,alloc,32,0x5dedc322e680,32
485557767974,MEMORY,alloc,52,0x5dedc322e6b0,52
485557768826,MEMORY,alloc,52,0x5dedc322e6f0,52
485557769590,MEMORY,alloc,55,0x5dedc322e730,55
485557771290,MEMORY,alloc,42,0x5dedc322eb90,42
485557772242,MEMORY,alloc,40,0x5dedc322ebd0,40
485557773078,MEMORY,alloc,39,0x5dedc322ec00,39
485557774156,MEMORY,alloc,55,0x5dedc322ec30,55
485557775203,MEMORY,alloc,41,0x5dedc322ec70,41
485557776102,MEMORY,alloc,41,0x5dedc322ecb0,41
485557777318,MEMORY,alloc,51,0x5dedc322ecf0,51
485557778233,MEMORY,alloc,41,0x5dedc322ed30,41
485557779023,MEMORY,alloc,41,0x5dedc322ed70,41
485557779856,MEMORY,alloc,40,0x5dedc322edb0,40
485557780826,MEMORY,alloc,33,0x5dedc322ede0,33
485557788331,MEMORY,alloc,32,0x5dedc322ee10,32
485557789629,MEMORY,alloc,42,0x5dedc322ee40,42
485557790921,MEMORY,alloc,30,0x5dedc322ee80,30
485557792037,MEMORY,alloc,30,0x5dedc322eeb0,30
485557792977,MEMORY,alloc,34,0x5dedc322eee0,34
485557793772,MEMORY,alloc,40,0x5dedc322ef10,40
485557794792,MEMORY,alloc,33,0x5dedc322ef40,33
485557801280,MEMORY,alloc,27,0x5dedc322ef70,27
485557802314,MEMORY,alloc,37,0x5dedc322efa0,37
485557803393,MEMORY,alloc,36,0x5dedc322efd0,36
485557810544,MEMORY,alloc,33,0x5dedc322f000,33
485557812139,MEMORY,alloc,40,0x5dedc322f030,40
485557813383,MEMORY,alloc,34,0x5dedc322f060,34
485557814611,MEMORY,alloc,41,0x5dedc322f090,41
485557815647,MEMORY,alloc,44,0x5dedc322f0d0,44
485557816525,MEMORY,alloc,30,0x5dedc322f110,30
485557817749,MEMORY,alloc,39,0x5dedc322f140,39
485557818572,MEMORY,alloc,46,0x5dedc322f170,46
485557819595,MEMORY,alloc,47,0x5dedc322f1b0,47
485557820634,MEMORY,alloc,34,0x5dedc322f1f0,34
485557821703,MEMORY,alloc,39,0x5dedc322f220,39
485557823337,MEMORY,alloc,49,0x5dedc322f670,49
485558406568,MEMORY,alloc,33,0x5dedc322f6b0,33
485558419300,MEMORY,alloc,44,0x5dedc322f6e0,44
485558420089,MEMORY,alloc,33,0x5dedc322f720,33
485558420866,MEMORY,alloc,34,0x5dedc322f750,34
485558421871,MEMORY,alloc,38,0x5dedc322f780,38
485558432011,MEMORY,alloc,35,0x5dedc322f7b0,35
485558432999,MEMORY,alloc,32,0x5dedc322f7e0,32
485558433981,MEMORY,alloc,26,0x5dedc322f810,26
485558434785,MEMORY,alloc,26,0x5dedc322f840,26
485558435793,MEMORY,alloc,29,0x5dedc322f870,29
485558436612,MEMORY,alloc,27,0x5dedc322f8a0,27
485558437522,MEMORY,alloc,30,0x5dedc322f8d0,30
485558438392,MEMORY,alloc,30,0x5dedc322f900,30
485558439220,MEMORY,alloc,33,0x5dedc322f930,33
485558440097,MEMORY,alloc,37,0x5dedc322f960,37
485558441531,MEMORY,alloc,47,0x5dedc322f990,47
485558443394,MEMORY,alloc,23,0x5dedc3222740,23
485558443761,MEMORY,alloc,36,0x5dedc322f9d0,36
485558445498,MEMORY,alloc,72,0x5dedc322fa00,72
485558445847,MEMORY,alloc,23,0x5dedc322fa50,23
485558447248,MEMORY,alloc,23,0x5dedc322fa70,23
485558448526,MEMORY,alloc,36,0x5dedc322fa90,36
485558456361,MEMORY,free_unknown,0,0x5dedc322f9d0,0
485558459147,MEMORY,free_unknown,0,0x5dedc3222740,0
485558460482,MEMORY,alloc,40,0x5dedc322f9d0,40
485558461853,MEMORY,alloc,32,0x5dedc322fac0,32
485558760076,MEMORY,alloc,49,0x5dedc322faf0,49
485558761594,MEMORY,alloc,35,0x5dedc322fb30,35
485558762601,MEMORY,alloc,38,0x5dedc322fb60,38
485558764756,MEMORY,alloc,32,0x5dedc322fb90,32
485558774599,MEMORY,alloc,26,0x5dedc322fbc0,26
485558775550,MEMORY,alloc,36,0x5dedc322fbf0,36
485558776981,MEMORY,alloc,48,0x5dedc322fc20,48
485558778307,MEMORY,alloc,44,0x5dedc322fc60,44
485558779368,MEMORY,alloc,55,0x5dedc322fca0,55
485558790633,MEMORY,alloc,40,0x5dedc322fce0,40
485558791576,MEMORY,alloc,26,0x5dedc322fd10,26
485558793044,MEMORY,alloc,36,0x5dedc322fd40,36
485559042579,MEMORY,alloc,104,0x5dedc322fd70,104
485559043367,MEMORY,alloc,104,0x5dedc322fde0,104
485559055229,MEMORY,alloc,104,0x5dedc3230270,104
485559055959,MEMORY,alloc,104,0x5dedc32302e0,104
485559056524,MEMORY,alloc,104,0x5dedc3230350,104
485559057667,MEMORY,alloc,104,0x5dedc32303c0,104
485559058546,MEMORY,alloc,104,0x5dedc3230430,104
485559058979,MEMORY,alloc,104,0x5dedc32304a0,104
485559059481,MEMORY,alloc,104,0x5dedc3230510,104
485559060370,MEMORY,alloc,104,0x5dedc3230580,104
485559060899,MEMORY,alloc,104,0x5dedc32305f0,104
485559061312,MEMORY,alloc,104,0x5dedc3230660,104
485559062423,MEMORY,alloc,104,0x5dedc32306d0,104
485559062950,MEMORY,alloc,104,0x5dedc3230740,104
485559065629,MEMORY,alloc,57,0x5dedc32307b0,57
485559075435,MEMORY,alloc,30,0x5dedc3230800,30
485559076308,MEMORY,alloc,40,0x5dedc3230830,40
485559077143,MEMORY,alloc,43,0x5dedc3230860,43
485559077984,MEMORY,alloc,42,0x5dedc32308a0,42
485559078970,MEMORY,alloc,36,0x5dedc32308e0,36
485559080074,MEMORY,alloc,32,0x5dedc3230910,32
485559081473,MEMORY,alloc,32,0x5dedc3230940,32
485559082533,MEMORY,alloc,28,0x5dedc3230970,28
485559467677,MEMORY,alloc,55,0x5dedc32309a0,55
485559483042,MEMORY,alloc,38,0x5dedc32309e0,38
485559490640,MEMORY,alloc,38,0x5dedc3230a10,38
485559491926,MEMORY,alloc,39,0x5dedc3230a40,39
485559492917,MEMORY,alloc,37,0x5dedc3230a70,37
485559503552,MEMORY,alloc,46,0x5dedc3230aa0,46
485559504813,MEMORY,alloc,53,0x5dedc3230ae0,53
485559506831,MEMORY,alloc,26,0x5dedc3230b20,26
485559820553,MEMORY,alloc,29,0x5dedc3230b50,29
485559822110,MEMORY,alloc,30,0x5dedc3230b80,30
485559823312,MEMORY,alloc,29,0x5dedc3230bb0,29
485559825328,MEMORY,alloc,40,0x5dedc3230be0,40
485559837540,MEMORY,alloc,31,0x5dedc3230c10,31
485559838956,MEMORY,alloc,50,0x5dedc3230c40,50
485559839888,MEMORY,alloc,43,0x5dedc3230c80,43
485560208382,MEMORY,alloc,58,0x5dedc3230cc0,58
485560210671,MEMORY,alloc,42,0x5dedc3230d10,42
485560211754,MEMORY,alloc,41,0x5dedc3230d50,41
485560228808,MEMORY,alloc,37,0x5dedc32311b0,37
485560229709,MEMORY,alloc,37,0x5dedc32311e0,37
485560238773,MEMORY,alloc,46,0x5dedc3231210,46
485560240032,MEMORY,alloc,48,0x5dedc3231250,48
485560240940,MEMORY,alloc,44,0x5dedc3231290,44
485560241954,MEMORY,alloc,29,0x5dedc32312d0,29
485560243258,MEMORY,alloc,40,0x5dedc3231300,40
485560244534,MEMORY,alloc,43,0x5dedc3231330,43
485560245481,MEMORY,alloc,33,0x5dedc3231370,33
485560246669,MEMORY,alloc,37,0x5dedc32313a0,37
485560247654,MEMORY,alloc,47,0x5dedc32313d0,47
485560248984,MEMORY,alloc,52,0x5dedc3231410,52
485560249917,MEMORY,alloc,42,0x5dedc3231450,42
485560250736,MEMORY,alloc,38,0x5dedc3231490,38
485560251551,MEMORY,alloc,37,0x5dedc32314c0,37
485560252561,MEMORY,alloc,39,0x5dedc32314f0,39
485560253628,MEMORY,alloc,47,0x5dedc3231520,47
485560254517,MEMORY,alloc,39,0x5dedc3231560,39
485560255214,MEMORY,alloc,38,0x5dedc3231590,38
485560262245,MEMORY,alloc,36,0x5dedc32315c0,36
485560263717,MEMORY,alloc,33,0x5dedc32315f0,33
485560264823,MEMORY,alloc,49,0x5dedc3231620,49
485560265736,MEMORY,alloc,45,0x5dedc3231660,45
485560267230,MEMORY,alloc,40,0x5dedc32316a0,40
485560268395,MEMORY,alloc,32,0x5dedc32316d0,32
485560269489,MEMORY,alloc,38,0x5dedc3231700,38
485560270793,MEMORY,alloc,44,0x5dedc3231730,44
485560272028,MEMORY,alloc,42,0x5dedc3231770,42
485560573841,MEMORY,alloc,35,0x5dedc32317b0,35
485560575779,MEMORY,alloc,40,0x5dedc32317e0,40
485560576825,MEMORY,alloc,47,0x5dedc3231810,47
485560577696,MEMORY,alloc,45,0x5dedc3231850,45
485560579268,MEMORY,alloc,32,0x5dedc3231cb0,32
485560580385,MEMORY,alloc,45,0x5dedc3231ce0,45
485560581356,MEMORY,alloc,60,0x5dedc3231d20,60
485560582919,MEMORY,alloc,35,0x5dedc3231d70,35
485560583997,MEMORY,alloc,41,0x5dedc3231da0,41
485561076332,MEMORY,alloc,33,0x5dedc3231de0,33
485561078558,MEMORY,alloc,51,0x5dedc3231e10,51
485561079606,MEMORY,alloc,17,0x5dedc3222740,17
485561080076,MEMORY,alloc,20,0x5dedc3231e50,20
485561080367,MEMORY,alloc,24,0x5dedc3231e70,24
485561091444,MEMORY,alloc,23,0x5dedc3231e90,23
485561091723,MEMORY,alloc,22,0x5dedc3231eb0,22
485561091978,MEMORY,alloc,19,0x5dedc3231ed0,19
485561092315,MEMORY,alloc,21,0x5dedc3231ef0,21
485561092678,MEMORY,alloc,33,0x5dedc3231f10,33
485561092978,MEMORY,alloc,24,0x5dedc3231f40,24
485561093286,MEMORY,alloc,25,0x5dedc3231f60,25
485561093723,MEMORY,alloc,26,0x5dedc3231f90,26
485561093950,MEMORY,alloc,19,0x5dedc3231fc0,19
485561111821,MEMORY,alloc,28,0x5dedc3231fe0,28
485561112322,MEMORY,alloc,25,0x5dedc3232010,25
485561112798,MEMORY,alloc,37,0x5dedc3232040,37
485561113168,MEMORY,alloc,25,0x5dedc3232070,25
485561113634,MEMORY,alloc,37,0x5dedc32320a0,37
485561115300,MEMORY,alloc,40,0x5dedc32320d0,40
485561116422,MEMORY,alloc,42,0x5dedc3232100,42
485561405303,MEMORY,alloc,29,0x5dedc3232140,29
485561406806,MEMORY,alloc,35,0x5dedc3232170,35
485561407787,MEMORY,alloc,33,0x5dedc32321a0,33
485561776647,MEMORY,alloc,41,0x5dedc32321d0,41
485561779030,MEMORY,alloc,40,0x5dedc3232210,40
485561791827,MEMORY,alloc,37,0x5dedc3232240,37
485561798106,MEMORY,alloc,32,0x5dedc3232270,32
485561799549,MEMORY,alloc,62,0x5dedc32322a0,62
485561800595,MEMORY,alloc,69,0x5dedc32322f0,69
485562258843,MEMORY,alloc,35,0x5dedc3232340,35
485562273203,MEMORY,alloc,35,0x5dedc3232370,35
485562275345,MEMORY,alloc,36,0x5dedc32323a0,36
485562292676,MEMORY,alloc,48,0x5dedc32323d0,48
485562293655,MEMORY,alloc,28,0x5dedc3232410,28
485562294905,MEMORY,alloc,35,0x5dedc3232440,35
485562296122,MEMORY,alloc,33,0x5dedc3232470,33
485562297241,MEMORY,alloc,31,0x5dedc32324a0,31
485562298168,MEMORY,alloc,45,0x5dedc32324d0,45
485562298920,MEMORY,alloc,45,0x5dedc3232510,45
485562300058,MEMORY,alloc,56,0x5dedc3232550,56
485562301197,MEMORY,alloc,71,0x5dedc3232590,71
485562302733,MEMORY,alloc,57,0x5dedc32325e0,57
485562304924,MEMORY,alloc,49,0x5dedc3232a50,49
485562305782,MEMORY,alloc,61,0x5dedc3232a90,61
485562307086,MEMORY,alloc,48,0x5dedc3232ae0,48
485562308291,MEMORY,alloc,50,0x5dedc3232b20,50
485562309405,MEMORY,alloc,53,0x5dedc3232b60,53
485562310294,MEMORY,alloc,54,0x5dedc3232ba0,54
485562311356,MEMORY,alloc,64,0x5dedc3232be0,64
485562658271,MEMORY,alloc,44,0x5dedc3232c30,44
485562660302,MEMORY,alloc,35,0x5dedc3232c70,35
485562661133,MEMORY,alloc,33,0x5dedc3232ca0,33
485562674365,MEMORY,alloc,31,0x5dedc3232cd0,31
485562676718,MEMORY,alloc,36,0x5dedc3232d00,36
485563157420,MEMORY,alloc,28,0x5dedc3232d30,28
485563159666,MEMORY,alloc,38,0x5dedc3232d60,38
485563160705,MEMORY,alloc,40,0x5dedc3232d90,40
485563162109,MEMORY,alloc,39,0x5dedc3232dc0,39
485563163411,MEMORY,alloc,44,0x5dedc3232df0,44
485563164516,MEMORY,alloc,34,0x5dedc3232e30,34
485563165632,MEMORY,alloc,43,0x5dedc3232e60,43
485563538520,MEMORY,alloc,34,0x5dedc3232ea0,34
485563540386,MEMORY,alloc,38,0x5dedc3232ed0,38
485563542322,MEMORY,alloc,40,0x5dedc3232f00,40
485563543248,MEMORY,alloc,46,0x5dedc3232f30,46
485563552958,MEMORY,alloc,51,0x5dedc3232f70,51
485563554072,MEMORY,alloc,40,0x5dedc3232fb0,40
485563560669,MEMORY,alloc,40,0x5dedc3232fe0,40
485563563336,MEMORY,alloc,40,0x5dedc3233010,40
485563564131,MEMORY,alloc,31,0x5dedc3233040,31
485563565761,MEMORY,alloc,48,0x5dedc3233070,48
485563567068,MEMORY,alloc,24,0x5dedc32330b0,24
485563568516,MEMORY,alloc,35,0x5dedc32330d0,35
485563859167,MEMORY,alloc,38,0x5dedc3233520,38
485563879900,MEMORY,alloc,40,0x5dedc3233550,40
485564613053,MEMORY,alloc,44,0x5dedc3233580,44
485564614986,MEMORY,alloc,25,0x5dedc32335c0,25
485564616334,MEMORY,alloc,48,0x5dedc32335f0,48
485565079016,MEMORY,alloc,32,0x5dedc3233630,32
485565395161,MEMORY,alloc,29,0x5dedc3233660,29
485565396408,MEMORY,alloc,46,0x5dedc3233690,46
485565397161,MEMORY,alloc,30,0x5dedc32336d0,30
485565398198,MEMORY,alloc,24,0x5dedc3233700,24
485565399291,MEMORY,alloc,30,0x5dedc3233720,30
485565400375,MEMORY,alloc,31,0x5dedc3233750,31
485565400936,MEMORY,alloc,24,0x5dedc3233780,24
485565402621,MEMORY,alloc,18,0x5dedc32337a0,18
485565403624,MEMORY,alloc,35,0x5dedc32337c0,35
485565404435,MEMORY,alloc,30,0x5dedc32337f0,30
485565406157,MEMORY,alloc,27,0x5dedc3233820,27
485565769079,MEMORY,alloc,43,0x5dedc3233850,43
485566714027,MEMORY,alloc,48,0x5dedc3233890,48
485566716202,MEMORY,alloc,48,0x5dedc32338d0,48
485566716860,MEMORY,alloc,48,0x5dedc3233910,48
485566717827,MEMORY,alloc,48,0x5dedc3233950,48
485566718286,MEMORY,alloc,48,0x5dedc3233990,48
485566719399,MEMORY,alloc,48,0x5dedc32339d0,48
485566720569,MEMORY,alloc,48,0x5dedc3233a10,48
485566721843,MEMORY,alloc,48,0x5dedc3233a50,48
485566723071,MEMORY,alloc,48,0x5dedc3233a90,48
485566724042,MEMORY,alloc,48,0x5dedc3233ad0,48
485566724824,MEMORY,alloc,48,0x5dedc3233b10,48
485566725679,MEMORY,alloc,48,0x5dedc3233b50,48
485566726402,MEMORY,alloc,48,0x5dedc3233b90,48
485566727312,MEMORY,alloc,48,0x5dedc3233bd0,48
485566727962,MEMORY,alloc,48,0x5dedc3233c10,48
485566728750,MEMORY,alloc,48,0x5dedc3233c50,48
485566729491,MEMORY,alloc,48,0x5dedc3233c90,48
485566730506,MEMORY,alloc,48,0x5dedc3233cd0,48
485566731443,MEMORY,alloc,48,0x5dedc3233d10,48
485566732373,MEMORY,alloc,48,0x5dedc3233d50,48
485566733176,MEMORY,alloc,48,0x5dedc3233d90,48
485566733969,MEMORY,alloc,48,0x5dedc3233dd0,48
485566734976,MEMORY,alloc,48,0x5dedc3233e10,48
485566735668,MEMORY,alloc,48,0x5dedc3233e50,48
485566736581,MEMORY,alloc,48,0x5dedc3233e90,48
485566737253,MEMORY,alloc,48,0x5dedc3233ed0,48
485566749137,MEMORY,alloc,48,0x5dedc3233f10,48
485567132683,MEMORY,alloc,65,0x5dedc3233f50,65
485567227782,MEMORY,alloc,69,0x5dedc3233fa0,69
485567241293,MEMORY,alloc,63,0x5dedc3233ff0,63
485567243204,MEMORY,alloc,67,0x5dedc3234040,67
485567245465,MEMORY,alloc,64,0x5dedc3234090,64
485567246846,MEMORY,alloc,68,0x5dedc32340e0,68
485567258912,MEMORY,alloc,64,0x5dedc3234130,64
485567260337,MEMORY,alloc,68,0x5dedc3234180,68
485567721892,MEMORY,alloc,56,0x5dedc32345f0,56
485567723284,MEMORY,alloc,55,0x5dedc3234630,55
485567724514,MEMORY,alloc,46,0x5dedc3234670,46
485567725918,MEMORY,alloc,35,0x5dedc32346b0,35
485567726944,MEMORY,alloc,36,0x5dedc32346e0,36
485567728614,MEMORY,alloc,42,0x5dedc3234710,42
485567731197,MEMORY,alloc,72,0x5dedc3234750,72
485567733782,MEMORY,alloc,42,0x5dedc32347a0,42
485567792041,MEMORY,free_unknown,0,0x5dedc3234710,0
485567794630,MEMORY,alloc,32,0x5dedc32347e0,32
485567795755,MEMORY,alloc,40,0x5dedc3234810,40
485567797081,MEMORY,alloc,43,0x5dedc3234710,43
485567798398,MEMORY,alloc,44,0x5dedc3234840,44
485568310268,MEMORY,alloc,42,0x5dedc3234880,42
485568312631,MEMORY,alloc,45,0x5dedc32348c0,45
485568663214,MEMORY,alloc,43,0x5dedc3234900,43
485568664741,MEMORY,alloc,47,0x5dedc3234940,47
485568666373,MEMORY,alloc,40,0x5dedc3234980,40
485568667631,MEMORY,alloc,40,0x5dedc32349b0,40
485568681189,MEMORY,alloc,40,0x5dedc32349e0,40
485568682214,MEMORY,alloc,30,0x5dedc3234a10,30
485568682607,MEMORY,alloc,49,0x5dedc3234a40,49
485568684297,MEMORY,alloc,72,0x5dedc3234a80,72
485568684701,MEMORY,alloc,30,0x5dedc3234ad0,30
485568686143,MEMORY,alloc,1024,0x5dedc3234b00,1024
485568686475,MEMORY,alloc,30,0x5dedc3234f10,30
485568695145,MEMORY,free_unknown,0,0x5dedc3223390,0
485568696540,MEMORY,alloc,49,0x5dedc3234f40,49
485568699130,MEMORY,free_unknown,0,0x5dedc3234a40,0
485568701439,MEMORY,free_unknown,0,0x5dedc3234a10,0
485569032415,MEMORY,alloc,46,0x5dedc3234a40,46
485569034410,MEMORY,alloc,42,0x5dedc3234f80,42
485569035448,MEMORY,alloc,44,0x5dedc3234fc0,44
485569042885,MEMORY,alloc,44,0x5dedc3235000,44
485569044485,MEMORY,alloc,45,0x5dedc3235040,45
485569055729,MEMORY,alloc,34,0x5dedc3234a10,34
485569057003,MEMORY,alloc,41,0x5dedc3235080,41
485569058041,MEMORY,alloc,47,0x5dedc32350c0,47
485569059439,MEMORY,alloc,52,0x5dedc3235100,52
485569060488,MEMORY,alloc,52,0x5dedc3235140,52
485569660180,MEMORY,alloc,46,0x5dedc3235180,46
485569661844,MEMORY,alloc,45,0x5dedc32351c0,45
485569663296,MEMORY,alloc,36,0x5dedc3235200,36
485569665036,MEMORY,alloc,32,0x5dedc3235650,32
485569666244,MEMORY,alloc,43,0x5dedc3235680,43
485569667205,MEMORY,alloc,31,0x5dedc32356c0,31
485569668344,MEMORY,alloc,36,0x5dedc32356f0,36
485569669449,MEMORY,alloc,44,0x5dedc3235720,44
485569670538,MEMORY,alloc,35,0x5dedc3235760,35
485569681818,MEMORY,alloc,44,0x5dedc3235790,44
485569682694,MEMORY,alloc,43,0x5dedc32357d0,43
485569683872,MEMORY,alloc,45,0x5dedc3235810,45
485569684750,MEMORY,alloc,43,0x5dedc3235850,43
485569686091,MEMORY,alloc,41,0x5dedc3235890,41
485569687577,MEMORY,alloc,40,0x5dedc32358d0,40
485569688329,MEMORY,alloc,40,0x5dedc3235900,40
485569689832,MEMORY,alloc,47,0x5dedc3235930,47
485569690649,MEMORY,alloc,43,0x5dedc3235970,43
485569691847,MEMORY,alloc,39,0x5dedc32359b0,39
485569693035,MEMORY,alloc,39,0x5dedc32359e0,39
485569694124,MEMORY,alloc,44,0x5dedc3235a10,44
485569695426,MEMORY,alloc,52,0x5dedc3235a50,52
485569696279,MEMORY,alloc,44,0x5dedc3235a90,44
485569697638,MEMORY,alloc,50,0x5dedc3235ad0,50
485569698561,MEMORY,alloc,48,0x5dedc3235b10,48
485569699417,MEMORY,alloc,50,0x5dedc3235b50,50
485569700773,MEMORY,alloc,47,0x5dedc3235b90,47
485569702012,MEMORY,alloc,46,0x5dedc3235bd0,46
485569702899,MEMORY,alloc,44,0x5dedc3235c10,44
485569703673,MEMORY,alloc,44,0x5dedc3235c50,44
485569710768,MEMORY,alloc,51,0x5dedc3235c90,51
485569711735,MEMORY,alloc,52,0x5dedc3235cd0,52
485569713201,MEMORY,alloc,46,0x5dedc3235d10,46
485569724416,MEMORY,alloc,36,0x5dedc3235d50,36
485569725267,MEMORY,alloc,37,0x5dedc3235d80,37
485570433966,MEMORY,alloc,36,0x5dedc32361d0,36
485570953721,MEMORY,alloc,42,0x5dedc3236200,42
485570966899,MEMORY,alloc,45,0x5dedc3236240,45
485571365664,MEMORY,alloc,59,0x5dedc3236280,59
485571379688,MEMORY,alloc,55,0x5dedc32362d0,55
485571381155,MEMORY,alloc,44,0x5dedc3236310,44
485571382276,MEMORY,alloc,51,0x5dedc3236350,51
485571383377,MEMORY,alloc,61,0x5dedc3236390,61
485571395015,MEMORY,alloc,41,0x5dedc32363e0,41
485571396056,MEMORY,alloc,43,0x5dedc3236420,43
485571406813,MEMORY,alloc,48,0x5dedc3236460,48
485571597329,MEMORY,alloc,39,0x5dedc32364a0,39
485571925040,MEMORY,alloc,64,0x5dedc32364d0,64
485571926681,MEMORY,alloc,48,0x5dedc3236520,48
485571927930,MEMORY,alloc,31,0x5dedc3236560,31
485572447063,MEMORY,alloc,34,0x5dedc3236590,34
485572450018,MEMORY,alloc,63,0x5dedc32365c0,63
485572451654,MEMORY,alloc,49,0x5dedc3236610,49
485572453307,MEMORY,alloc,47,0x5dedc3236650,47
485572466633,MEMORY,alloc,42,0x5dedc3236690,42
485572468336,MEMORY,alloc,44,0x5dedc32366d0,44
485572469622,MEMORY,alloc,46,0x5dedc3236710,46
485572470693,MEMORY,alloc,43,0x5dedc3236750,43
485572471803,MEMORY,alloc,46,0x5dedc3236790,46
485574883869,MEMORY,alloc,63,0x5dedc32367d0,63
485574887066,MEMORY,alloc,67,0x5dedc3236820,67
485574889372,MEMORY,alloc,62,0x5dedc3236870,62
485574891012,MEMORY,alloc,66,0x5dedc32368c0,66
485574892563,MEMORY,alloc,49,0x5dedc3236910,49
485574895300,MEMORY,alloc,46,0x5dedc3236d70,46
485574896402,MEMORY,alloc,54,0x5dedc3236db0,54
485574910576,MEMORY,alloc,57,0x5dedc3236df0,57
485574912201,MEMORY,alloc,61,0x5dedc3236e40,61
485575824201,MEMORY,alloc,55,0x5dedc3237050,55
485575826004,MEMORY,alloc,56,0x5dedc3237090,56
485575827586,MEMORY,alloc,55,0x5dedc32370d0,55
485575828831,MEMORY,alloc,47,0x5dedc3237110,47
485575830530,MEMORY,alloc,43,0x5dedc3237150,43
485575831377,MEMORY,alloc,39,0x5dedc3237190,39
485575832340,MEMORY,alloc,43,0x5dedc32371c0,43
485575833406,MEMORY,alloc,41,0x5dedc3237200,41
485575856340,MEMORY,alloc,30,0x5dedc3237240,30
485575858347,MEMORY,alloc,30,0x5dedc3237270,30
485575872577,MEMORY,alloc,28,0x5dedc32372a0,28
485575880339,MEMORY,alloc,35,0x5dedc32372d0,35
485575881767,MEMORY,alloc,44,0x5dedc3237300,44
485575882857,MEMORY,alloc,45,0x5dedc3237340,45
485575883903,MEMORY,alloc,46,0x5dedc3237380,46
485575885109,MEMORY,alloc,43,0x5dedc32373c0,43
485575887331,MEMORY,alloc,40,0x5dedc3237820,40
485575888674,MEMORY,alloc,37,0x5dedc3237850,37
485575889975,MEMORY,alloc,35,0x5dedc3237880,35
485575890979,MEMORY,alloc,33,0x5dedc32378b0,33
485575892154,MEMORY,alloc,40,0x5dedc32378e0,40
485575893047,MEMORY,alloc,40,0x5dedc3237910,40
485576057677,MEMORY,alloc,49,0x5dedc3237940,49
485576059280,MEMORY,alloc,37,0x5dedc3237980,37
485576060447,MEMORY,alloc,42,0x5dedc32379b0,42
485576061550,MEMORY,alloc,44,0x5dedc32379f0,44
485576062433,MEMORY,alloc,37,0x5dedc3237a30,37
485576063563,MEMORY,alloc,33,0x5dedc3237a60,33
485576064440,MEMORY,alloc,40,0x5dedc3237a90,40
485576065550,MEMORY,alloc,55,0x5dedc3237ac0,55
485576066661,MEMORY,alloc,55,0x5dedc3237b00,55
485576067965,MEMORY,alloc,47,0x5dedc3237b40,47
485576069227,MEMORY,alloc,51,0x5dedc3237b80,51
485576070273,MEMORY,alloc,55,0x5dedc3237bc0,55
485576075512,MEMORY,alloc,48,0x5dedc3237fc0,48
485576093816,MEMORY,alloc,46,0x5dedc3238000,46
485576095268,MEMORY,alloc,43,0x5dedc3238040,43
485576096240,MEMORY,alloc,44,0x5dedc3238080,44
485576097379,MEMORY,alloc,54,0x5dedc32380c0,54
485576098291,MEMORY,alloc,51,0x5dedc3238100,51
485576099567,MEMORY,alloc,46,0x5dedc3238140,46
485576100490,MEMORY,alloc,48,0x5dedc3238180,48
485576101768,MEMORY,alloc,37,0x5dedc32381c0,37
485576103979,MEMORY,alloc,36,0x5dedc3238610,36
485576104845,MEMORY,alloc,32,0x5dedc3238640,32
485576416014,MEMORY,alloc,38,0x5dedc3238670,38
485576418908,MEMORY,alloc,39,0x5dedc32386a0,39
485576419908,MEMORY,alloc,41,0x5dedc32386d0,41
485576421568,MEMORY,alloc,42,0x5dedc3238710,42
485576423519,MEMORY,alloc,28,0x5dedc3238750,28
485576423973,MEMORY,alloc,38,0x5dedc3238780,38
485576425949,MEMORY,alloc,72,0x5dedc32387b0,72
485576426287,MEMORY,alloc,28,0x5dedc3238800,28
485576427810,MEMORY,alloc,28,0x5dedc3238830,28
485576440220,MEMORY,alloc,38,0x5dedc3238860,38
485576449120,MEMORY,free_unknown,0,0x5dedc3238780,0
485576452406,MEMORY,free_unknown,0,0x5dedc3238750,0
485576452951,MEMORY,alloc,29,0x5dedc3238750,29
485576453183,MEMORY,alloc,39,0x5dedc3238780,39
485576454151,MEMORY,alloc,72,0x5dedc3238890,72
485576454422,MEMORY,alloc,29,0x5dedc32388e0,29
485576455303,MEMORY,alloc,29,0x5dedc3238910,29
485576455778,MEMORY,alloc,39,0x5dedc3238940,39
485576458295,MEMORY,free_unknown,0,0x5dedc3238780,0
485576460710,MEMORY,free_unknown,0,0x5dedc3238750,0
485576461142,MEMORY,alloc,27,0x5dedc3238750,27
485576461339,MEMORY,alloc,37,0x5dedc3238780,37
485576462308,MEMORY,alloc,72,0x5dedc3238970,72
485576462594,MEMORY,alloc,27,0x5dedc32389c0,27
485576463138,MEMORY,alloc,27,0x5dedc32389f0,27
485576463656,MEMORY,alloc,37,0x5dedc3238a20,37
485576466214,MEMORY,free_unknown,0,0x5dedc3238780,0
485576468494,MEMORY,free_unknown,0,0x5dedc3238750,0
485576843682,MEMORY,alloc,41,0x5dedc3238a50,41
485576846030,MEMORY,alloc,37,0x5dedc3238750,37
485576858801,MEMORY,alloc,49,0x5dedc3238a90,49
485576860433,MEMORY,alloc,46,0x5dedc3238ad0,46
485576862256,MEMORY,alloc,55,0x5dedc3238b10,55
485576863599,MEMORY,alloc,46,0x5dedc3238b50,46
485576864975,MEMORY,alloc,48,0x5dedc3238b90,48
485577268140,MEMORY,alloc,38,0x5dedc3238780,38
485577270990,MEMORY,alloc,42,0x5dedc3238bd0,42
485577284357,MEMORY,alloc,48,0x5dedc3238c10,48
485577814048,MEMORY,alloc,43,0x5dedc3238c50,43
485578337549,MEMORY,alloc,39,0x5dedc3238c90,39
485578340179,MEMORY,alloc,39,0x5dedc3238cc0,39
485578341418,MEMORY,alloc,50,0x5dedc3238cf0,50
485578342593,MEMORY,alloc,43,0x5dedc3238d30,43
485578343843,MEMORY,alloc,41,0x5dedc3238d70,41
485578344969,MEMORY,alloc,34,0x5dedc3238db0,34
485578646876,MEMORY,alloc,35,0x5dedc3238de0,35
485578648987,MEMORY,alloc,45,0x5dedc3238e10,45
485578650231,MEMORY,alloc,35,0x5dedc3238e50,35
485578651354,MEMORY,alloc,33,0x5dedc3238e80,33
485578652425,MEMORY,alloc,37,0x5dedc3238eb0,37
485578653660,MEMORY,alloc,46,0x5dedc3238ee0,46
485578655159,MEMORY,alloc,47,0x5dedc3238f20,47
485578669171,MEMORY,alloc,42,0x5dedc3239380,42
485578670526,MEMORY,alloc,41,0x5dedc32393c0,41
485578671645,MEMORY,alloc,44,0x5dedc3239400,44
485579206726,MEMORY,alloc,49,0x5dedc3239440,49
485579209669,MEMORY,alloc,49,0x5dedc3239480,49
485579211254,MEMORY,alloc,45,0x5dedc32394c0,45
485579704674,MEMORY,alloc,39,0x5dedc3239500,39
485583057409,MEMORY,alloc,31,0x5dedc3239530,31
485583061027,MEMORY,alloc,31,0x5dedc3239560,31
485583061961,MEMORY,alloc,32,0x5dedc3239590,32
485583075730,MEMORY,alloc,35,0x5dedc32395c0,35
485583077275,MEMORY,alloc,36,0x5dedc32395f0,36
485583078549,MEMORY,alloc,43,0x5dedc3239620,43
485583080166,MEMORY,alloc,44,0x5dedc3239660,44
485583081360,MEMORY,alloc,36,0x5dedc32396a0,36
485583082331,MEMORY,alloc,35,0x5dedc32396d0,35
485583083398,MEMORY,alloc,33,0x5dedc3239700,33
485583085007,MEMORY,alloc,38,0x5dedc3239730,38
485583085971,MEMORY,alloc,36,0x5dedc3239760,36
485583086903,MEMORY,alloc,35,0x5dedc3239790,35
485583087997,MEMORY,alloc,34,0x5dedc32397c0,34
485583110564,MEMORY,alloc,29,0x5dedc32397f0,29
485583111795,MEMORY,alloc,41,0x5dedc3239820,41
485583112872,MEMORY,alloc,38,0x5dedc3239860,38
485583447280,MEMORY,alloc,33,0x5dedc3239890,33
485583450641,MEMORY,alloc,44,0x5dedc32398c0,44
485583451901,MEMORY,alloc,37,0x5dedc3239900,37
485583452946,MEMORY,alloc,33,0x5dedc3239930,33
485583454091,MEMORY,alloc,31,0x5dedc3239960,31
485583467885,MEMORY,alloc,32,0x5dedc3239db0,32
485583468834,MEMORY,alloc,33,0x5dedc3239de0,33
485583469546,MEMORY,alloc,33,0x5dedc3239e10,33
485583471356,MEMORY,alloc,32,0x5dedc3239e40,32
485583481043,MEMORY,alloc,41,0x5dedc3239e70,41
485584043055,MEMORY,alloc,43,0x5dedc3239eb0,43
485584045713,MEMORY,alloc,46,0x5dedc3239ef0,46
485584047179,MEMORY,alloc,43,0x5dedc3239f30,43
485584048539,MEMORY,alloc,37,0x5dedc3239f70,37
485584526363,MEMORY,alloc,72,0x5dedc3239fa0,72
485584539387,MEMORY,alloc,72,0x5dedc3239ff0,72
485584540395,MEMORY,alloc,72,0x5dedc323a040,72
485584541093,MEMORY,alloc,72,0x5dedc323a090,72
485584548761,MEMORY,alloc,72,0x5dedc323a0e0,72
485584549235,MEMORY,alloc,72,0x5dedc323a130,72
485584549677,MEMORY,alloc,72,0x5dedc323a180,72
485584550086,MEMORY,alloc,72,0x5dedc323a1d0,72
485584550725,MEMORY,alloc,72,0x5dedc323a220,72
485584551228,MEMORY,alloc,72,0x5dedc323a270,72
485584551704,MEMORY,alloc,72,0x5dedc323a2c0,72
485584559192,MEMORY,alloc,72,0x5dedc323a310,72
485584559912,MEMORY,alloc,72,0x5dedc323a360,72
485584560589,MEMORY,alloc,72,0x5dedc323a3b0,72
485584561244,MEMORY,alloc,72,0x5dedc323a400,72
485584561721,MEMORY,alloc,72,0x5dedc323a450,72
485584562223,MEMORY,alloc,72,0x5dedc323a4a0,72
485584562630,MEMORY,alloc,72,0x5dedc323a4f0,72
485584563100,MEMORY,alloc,72,0x5dedc323a540,72
485584563867,MEMORY,alloc,72,0x5dedc323a590,72
485584564278,MEMORY,alloc,72,0x5dedc323a5e0,72
485584564744,MEMORY,alloc,72,0x5dedc323a630,72
485584566176,MEMORY,alloc,72,0x5dedc323a680,72
485584566825,MEMORY,alloc,72,0x5dedc323a6d0,72
485584567333,MEMORY,alloc,72,0x5dedc323a720,72
485584567728,MEMORY,alloc,72,0x5dedc323a770,72
485584568120,MEMORY,alloc,72,0x5dedc323a7c0,72
485584568595,MEMORY,alloc,72,0x5dedc323a810,72
485584568995,MEMORY,alloc,72,0x5dedc323a860,72
485584569291,MEMORY,alloc,72,0x5dedc323a8b0,72
485584570325,MEMORY,alloc,72,0x5dedc323a900,72
485584571181,MEMORY,alloc,72,0x5dedc323a950,72
485584572244,MEMORY,alloc,72,0x5dedc323a9a0,72
485584572651,MEMORY,alloc,72,0x5dedc323a9f0,72
485584573070,MEMORY,alloc,72,0x5dedc323aa40,72
485584573552,MEMORY,alloc,72,0x5dedc323aa90,72
485584574039,MEMORY,alloc,72,0x5dedc323aae0,72
485584574495,MEMORY,alloc,72,0x5dedc323ab30,72
485584574894,MEMORY,alloc,72,0x5dedc323ab80,72
485584575223,MEMORY,alloc,72,0x5dedc323abd0,72
485584575848,MEMORY,alloc,72,0x5dedc323ac20,72
485584576562,MEMORY,alloc,72,0x5dedc323ac70,72
485584578602,MEMORY,alloc,72,0x5dedc323acc0,72
485584579186,MEMORY,alloc,72,0x5dedc323ad10,72
485584579770,MEMORY,alloc,72,0x5dedc323ad60,72
485584580285,MEMORY,alloc,72,0x5dedc323adb0,72
485584580927,MEMORY,alloc,72,0x5dedc323ae00,72
485584581381,MEMORY,alloc,72,0x5dedc323ae50,72
485584581856,MEMORY,alloc,72,0x5dedc323aea0,72
485584582324,MEMORY,alloc,72,0x5dedc323aef0,72
485584582958,MEMORY,alloc,72,0x5dedc323af40,72
485584583338,MEMORY,alloc,72,0x5dedc323af90,72
485584589379,MEMORY,alloc,72,0x5dedc323afe0,72
485584590751,MEMORY,alloc,72,0x5dedc323b030,72
485584591328,MEMORY,alloc,72,0x5dedc323b080,72
485584591922,MEMORY,alloc,72,0x5dedc323b0d0,72
485584592394,MEMORY,alloc,72,0x5dedc323b120,72
485584592879,MEMORY,alloc,72,0x5dedc323b170,72
485584593264,MEMORY,alloc,72,0x5dedc323b1c0,72
485584593766,MEMORY,alloc,72,0x5dedc323b210,72
485584594207,MEMORY,alloc,72,0x5dedc323b260,72
485584594741,MEMORY,alloc,72,0x5dedc323b2b0,72
485584595174,MEMORY,alloc,72,0x5dedc323b300,72
485584595549,MEMORY,alloc,72,0x5dedc323b350,72
485584596661,MEMORY,alloc,72,0x5dedc323b3a0,72
485584597116,MEMORY,alloc,72,0x5dedc323b3f0,72
485584597535,MEMORY,alloc,72,0x5dedc323b440,72
485584597888,MEMORY,alloc,72,0x5dedc323b490,72
485584598274,MEMORY,alloc,72,0x5dedc323b4e0,72
485584598718,MEMORY,alloc,72,0x5dedc323b530,72
485584599145,MEMORY,alloc,72,0x5dedc323b580,72
485584599561,MEMORY,alloc,72,0x5dedc323b5d0,72
485584600177,MEMORY,alloc,72,0x5dedc323b620,72
485584600763,MEMORY,alloc,72,0x5dedc323b670,72
485584601844,MEMORY,alloc,72,0x5dedc323b6c0,72
485584602319,MEMORY,alloc,72,0x5dedc323b710,72
485584602754,MEMORY,alloc,72,0x5dedc323b760,72
485584603219,MEMORY,alloc,72,0x5dedc323b7b0,72
485584603663,MEMORY,alloc,72,0x5dedc323b800,72
485584604119,MEMORY,alloc,72,0x5dedc323b850,72
485584604528,MEMORY,alloc,72,0x5dedc323b8a0,72
485584604929,MEMORY,alloc,72,0x5dedc323b8f0,72
485584605409,MEMORY,alloc,72,0x5dedc323b940,72
485584606000,MEMORY,alloc,72,0x5dedc323b990,72
485584608801,MEMORY,alloc,33,0x5dedc323b9e0,33
485584610353,MEMORY,alloc,31,0x5dedc323ba10,31
485584612055,MEMORY,alloc,32,0x5dedc323ba40,32
485584613219,MEMORY,alloc,35,0x5dedc323ba70,35
485584614242,MEMORY,alloc,36,0x5dedc323baa0,36
485584621407,MEMORY,alloc,72,0x5dedc323bad0,72
485584621979,MEMORY,alloc,72,0x5dedc323bb20,72
485584622602,MEMORY,alloc,72,0x5dedc323bb70,72
485584623235,MEMORY,alloc,72,0x5dedc323bbc0,72
485584623712,MEMORY,alloc,72,0x5dedc323bc10,72
485584624171,MEMORY,alloc,72,0x5dedc323bc60,72
485584624688,MEMORY,alloc,72,0x5dedc323bcb0,72
485584625135,MEMORY,alloc,72,0x5dedc323bd00,72
485584625823,MEMORY,alloc,72,0x5dedc323bd50,72
485584626251,MEMORY,alloc,72,0x5dedc323bda0,72
485584626854,MEMORY,alloc,72,0x5dedc323bdf0,72
485584627979,MEMORY,alloc,72,0x5dedc323be40,72
485584628679,MEMORY,alloc,72,0x5dedc323be90,72
485584629277,MEMORY,alloc,72,0x5dedc323bee0,72
485584629765,MEMORY,alloc,72,0x5dedc323bf30,72
485584630214,MEMORY,alloc,72,0x5dedc323bf80,72
485584636277,MEMORY,alloc,72,0x5dedc323bfd0,72
485584636982,MEMORY,alloc,72,0x5dedc323c020,72
485584637406,MEMORY,alloc,72,0x5dedc323c070,72
485584638103,MEMORY,alloc,72,0x5dedc323c0c0,72
485584638555,MEMORY,alloc,72,0x5dedc323c110,72
485584639049,MEMORY,alloc,72,0x5dedc323c160,72
485584640180,MEMORY,alloc,72,0x5dedc323c1b0,72
485584640638,MEMORY,alloc,72,0x5dedc323c200,72
485584640990,MEMORY,alloc,72,0x5dedc323c250,72
485584641402,MEMORY,alloc,72,0x5dedc323c2a0,72
485584641888,MEMORY,alloc,72,0x5dedc323c2f0,72
485584642315,MEMORY,alloc,72,0x5dedc323c340,72
485584642726,MEMORY,alloc,72,0x5dedc323c390,72
485584643122,MEMORY,alloc,72,0x5dedc323c3e0,72
485584643745,MEMORY,alloc,72,0x5dedc323c430,72
485584644339,MEMORY,alloc,72,0x5dedc323c480,72
485584645628,MEMORY,alloc,72,0x5dedc323c4d0,72
485584646132,MEMORY,alloc,72,0x5dedc323c520,72
485584646586,MEMORY,alloc,72,0x5dedc323c570,72
485584647094,MEMORY,alloc,72,0x5dedc323c5c0,72
485584647554,MEMORY,alloc,72,0x5dedc323c610,72
485584647975,MEMORY,alloc,72,0x5dedc323c660,72
485584648448,MEMORY,alloc,72,0x5dedc323c6b0,72
485584648823,MEMORY,alloc,72,0x5dedc323c700,72
485584649359,MEMORY,alloc,72,0x5dedc323c750,72
485584649953,MEMORY,alloc,72,0x5dedc323c7a0,72
485584651334,MEMORY,alloc,72,0x5dedc323c7f0,72
485584651839,MEMORY,alloc,72,0x5dedc323c840,72
485584652370,MEMORY,alloc,72,0x5dedc323c890,72
485584652895,MEMORY,alloc,72,0x5dedc323c8e0,72
485584653360,MEMORY,alloc,72,0x5dedc323c930,72
485584653783,MEMORY,alloc,72,0x5dedc323c980,72
485584654179,MEMORY,alloc,72,0x5dedc323c9d0,72
485584654578,MEMORY,alloc,72,0x5dedc323ca20,72
485584655152,MEMORY,alloc,72,0x5dedc323ca70,72
485584655576,MEMORY,alloc,72,0x5dedc323cac0,72
485584656069,MEMORY,alloc,72,0x5dedc323cb10,72
485584657290,MEMORY,alloc,72,0x5dedc323cb60,72
485584657848,MEMORY,alloc,72,0x5dedc323cbb0,72
485584658431,MEMORY,alloc,72,0x5dedc323cc00,72
485584658926,MEMORY,alloc,72,0x5dedc323cc50,72
485584659326,MEMORY,alloc,72,0x5dedc323cca0,72
485584659758,MEMORY,alloc,72,0x5dedc323ccf0,72
485584660189,MEMORY,alloc,72,0x5dedc323cd40,72
485584660681,MEMORY,alloc,72,0x5dedc323cd90,72
485584661197,MEMORY,alloc,72,0x5dedc323cde0,72
485584661634,MEMORY,alloc,72,0x5dedc323ce30,72
485584662083,MEMORY,alloc,72,0x5dedc323ce80,72
485584663395,MEMORY,alloc,72,0x5dedc323ced0,72
485584663872,MEMORY,alloc,72,0x5dedc323cf20,72
485584664265,MEMORY,alloc,72,0x5dedc323cf70,72
485584670280,MEMORY,alloc,72,0x5dedc323cfc0,72
485584670886,MEMORY,alloc,72,0x5dedc323d010,72
485584671308,MEMORY,alloc,72,0x5dedc323d060,72
485584671710,MEMORY,alloc,72,0x5dedc323d0b0,72
485584672100,MEMORY,alloc,72,0x5dedc323d100,72
485584672633,MEMORY,alloc,72,0x5dedc323d150,72
485584673172,MEMORY,alloc,72,0x5dedc323d1a0,72
485584674534,MEMORY,alloc,72,0x5dedc323d1f0,72
485584675038,MEMORY,alloc,72,0x5dedc323d240,72
485584675453,MEMORY,alloc,72,0x5dedc323d290,72
485584675928,MEMORY,alloc,72,0x5dedc323d2e0,72
485584676333,MEMORY,alloc,72,0x5dedc323d330,72
485584676811,MEMORY,alloc,72,0x5dedc323d380,72
485584677262,MEMORY,alloc,72,0x5dedc323d3d0,72
485584677692,MEMORY,alloc,72,0x5dedc323d420,72
485584678234,MEMORY,alloc,72,0x5dedc323d470,72
485584678804,MEMORY,alloc,72,0x5dedc323d4c0,72
485584680554,MEMORY,alloc,72,0x5dedc323d510,72
485584681166,MEMORY,alloc,72,0x5dedc323d560,72
485584687981,MEMORY,alloc,72,0x5dedc323d5b0,72
485584688511,MEMORY,alloc,72,0x5dedc323d600,72
485584688892,MEMORY,alloc,72,0x5dedc323d650,72
485584689344,MEMORY,alloc,72,0x5dedc323d6a0,72
485584689863,MEMORY,alloc,72,0x5dedc323d6f0,72
485584690299,MEMORY,alloc,72,0x5dedc323d740,72
485584691015,MEMORY,alloc,72,0x5dedc323d790,72
485584691377,MEMORY,alloc,72,0x5dedc323d7e0,72
485584691853,MEMORY,alloc,72,0x5dedc323d830,72
485584694299,MEMORY,alloc,72,0x5dedc323dca0,72
485584694907,MEMORY,alloc,72,0x5dedc323dcf0,72
485584695530,MEMORY,alloc,72,0x5dedc323dd40,72
485584696071,MEMORY,alloc,72,0x5dedc323dd90,72
485584696558,MEMORY,alloc,72,0x5dedc323dde0,72
485584696952,MEMORY,alloc,72,0x5dedc323de30,72
485584697443,MEMORY,alloc,72,0x5dedc323de80,72
485584697850,MEMORY,alloc,72,0x5dedc323ded0,72
485584698401,MEMORY,alloc,72,0x5dedc323df20,72
485584698845,MEMORY,alloc,72,0x5dedc323df70,72
485584960735,MEMORY,alloc,72,0x5dedc323dfc0,72
485584963943,MEMORY,alloc,72,0x5dedc323e010,72
485584964366,MEMORY,alloc,72,0x5dedc323e060,72
485584964789,MEMORY,alloc,72,0x5dedc323e0b0,72
485584965311,MEMORY,alloc,72,0x5dedc323e100,72
485584965758,MEMORY,alloc,72,0x5dedc323e150,72
485584966129,MEMORY,alloc,72,0x5dedc323e1a0,72
485584966567,MEMORY,alloc,72,0x5dedc323e1f0,72
485584966999,MEMORY,alloc,72,0x5dedc323e240,72
485584967617,MEMORY,alloc,72,0x5dedc323e290,72
485584968234,MEMORY,alloc,72,0x5dedc323e2e0,72
485584969269,MEMORY,alloc,72,0x5dedc323e330,72
485584969697,MEMORY,alloc,72,0x5dedc323e380,72
485584970143,MEMORY,alloc,72,0x5dedc323e3d0,72
485584970634,MEMORY,alloc,72,0x5dedc323e420,72
485584971092,MEMORY,alloc,72,0x5dedc323e470,72
485584971579,MEMORY,alloc,72,0x5dedc323e4c0,72
485584971976,MEMORY,alloc,72,0x5dedc323e510,72
485584972411,MEMORY,alloc,72,0x5dedc323e560,72
485584973000,MEMORY,alloc,72,0x5dedc323e5b0,72
485584973509,MEMORY,alloc,72,0x5dedc323e600,72
485584975871,MEMORY,alloc,43,0x5dedc323e650,43
485585426232,MEMORY,alloc,34,0x5dedc323e690,34
485585428123,MEMORY,alloc,28,0x5dedc323e6c0,28
485585429062,MEMORY,alloc,30,0x5dedc323e6f0,30
485585430524,MEMORY,alloc,72,0x5dedc323e720,72
485585431511,MEMORY,alloc,72,0x5dedc323e770,72
485585432154,MEMORY,alloc,72,0x5dedc323e7c0,72
485585432816,MEMORY,alloc,72,0x5dedc323e810,72
485585433228,MEMORY,alloc,72,0x5dedc323e860,72
485585433560,MEMORY,alloc,72,0x5dedc323e8b0,72
485585433956,MEMORY,alloc,72,0x5dedc323e900,72
485585434397,MEMORY,alloc,72,0x5dedc323e950,72
485585435102,MEMORY,alloc,72,0x5dedc323e9a0,72
485585435616,MEMORY,alloc,72,0x5dedc323e9f0,72
485585436123,MEMORY,alloc,72,0x5dedc323ea40,72
485585437917,MEMORY,alloc,72,0x5dedc323ea90,72
485585438599,MEMORY,alloc,72,0x5dedc323eae0,72
485585439179,MEMORY,alloc,72,0x5dedc323eb30,72
485585439654,MEMORY,alloc,72,0x5dedc323eb80,72
485585440110,MEMORY,alloc,72,0x5dedc323ebd0,72
485585440518,MEMORY,alloc,72,0x5dedc323ec20,72
485585440914,MEMORY,alloc,72,0x5dedc323ec70,72
485585441321,MEMORY,alloc,72,0x5dedc323ecc0,72
485585441998,MEMORY,alloc,72,0x5dedc323ed10,72
485585442333,MEMORY,alloc,72,0x5dedc323ed60,72
485585442719,MEMORY,alloc,72,0x5dedc323edb0,72
485585443863,MEMORY,alloc,72,0x5dedc323ee00,72
485585444268,MEMORY,alloc,72,0x5dedc323ee50,72
485585444628,MEMORY,alloc,72,0x5dedc323eea0,72
485585445010,MEMORY,alloc,72,0x5dedc323eef0,72
485585445319,MEMORY,alloc,72,0x5dedc323ef40,72
485585445739,MEMORY,alloc,72,0x5dedc323ef90,72
485585464477,MEMORY,alloc,72,0x5dedc323efe0,72
485585465380,MEMORY,alloc,72,0x5dedc323f030,72
485585466110,MEMORY,alloc,72,0x5dedc323f080,72
485585466720,MEMORY,alloc,72,0x5dedc323f0d0,72
485585467881,MEMORY,alloc,72,0x5dedc323f120,72
485585468361,MEMORY,alloc,72,0x5dedc323f170,72
485585468800,MEMORY,alloc,72,0x5dedc323f1c0,72
485585469226,MEMORY,alloc,72,0x5dedc323f210,72
485585469505,MEMORY,alloc,72,0x5dedc323f260,72
485585469848,MEMORY,alloc,72,0x5dedc323f2b0,72
485585470232,MEMORY,alloc,72,0x5dedc323f300,72
485585470613,MEMORY,alloc,72,0x5dedc323f350,72
485585471086,MEMORY,alloc,72,0x5dedc323f3a0,72
485585477106,MEMORY,alloc,72,0x5dedc323f3f0,72
485585478874,MEMORY,alloc,39,0x5dedc323f440,39
485585479734,MEMORY,alloc,35,0x5dedc323f470,35
485585480630,MEMORY,alloc,72,0x5dedc323f4a0,72
485585481005,MEMORY,alloc,72,0x5dedc323f4f0,72
485585481434,MEMORY,alloc,72,0x5dedc323f540,72
485585481803,MEMORY,alloc,72,0x5dedc323f590,72
485585482116,MEMORY,alloc,72,0x5dedc323f5e0,72
485585482380,MEMORY,alloc,72,0x5dedc323f630,72
485585482668,MEMORY,alloc,72,0x5dedc323f680,72
485585482963,MEMORY,alloc,72,0x5dedc323f6d0,72
485585483426,MEMORY,alloc,72,0x5dedc323f720,72
485585483726,MEMORY,alloc,72,0x5dedc323f770,72
485585484124,MEMORY,alloc,72,0x5dedc323f7c0,72
485585485109,MEMORY,alloc,72,0x5dedc323f810,72
485585485535,MEMORY,alloc,72,0x5dedc323f860,72
485585485939,MEMORY,alloc,72,0x5dedc323f8b0,72
485585486343,MEMORY,alloc,72,0x5dedc323f900,72
485585486640,MEMORY,alloc,72,0x5dedc323f950,72
485585486910,MEMORY,alloc,72,0x5dedc323f9a0,72
485585487254,MEMORY,alloc,72,0x5dedc323f9f0,72
485585487524,MEMORY,alloc,72,0x5dedc323fa40,72
485585487951,MEMORY,alloc,72,0x5dedc323fa90,72
485585488212,MEMORY,alloc,72,0x5dedc323fae0,72
485585488529,MEMORY,alloc,72,0x5dedc323fb30,72
485585489346,MEMORY,alloc,72,0x5dedc323fb80,72
485585489689,MEMORY,alloc,72,0x5dedc323fbd0,72
485585490024,MEMORY,alloc,72,0x5dedc323fc20,72
485585490380,MEMORY,alloc,72,0x5dedc323fc70,72
485585490701,MEMORY,alloc,72,0x5dedc323fcc0,72
485585491037,MEMORY,alloc,72,0x5dedc323fd10,72
485585491351,MEMORY,alloc,72,0x5dedc323fd60,72
485585491654,MEMORY,alloc,72,0x5dedc323fdb0,72
485585492080,MEMORY,alloc,72,0x5dedc323fe00,72
485585492615,MEMORY,alloc,72,0x5dedc323fe50,72
485585493357,MEMORY,alloc,72,0x5dedc323fea0,72
485585493712,MEMORY,alloc,72,0x5dedc323fef0,72
485585494051,MEMORY,alloc,72,0x5dedc323ff40,72
485585494467,MEMORY,alloc,72,0x5dedc323ff90,72
485585510681,MEMORY,alloc,72,0x5dedc323ffe0,72
485585511334,MEMORY,alloc,72,0x5dedc3240030,72
485585511772,MEMORY,alloc,72,0x5dedc3240080,72
485585512175,MEMORY,alloc,72,0x5dedc32400d0,72
485585512697,MEMORY,alloc,72,0x5dedc3240120,72
485585513120,MEMORY,alloc,72,0x5dedc3240170,72
485585520119,MEMORY,alloc,72,0x5dedc32401c0,72
485585520633,MEMORY,alloc,72,0x5dedc3240210,72
485585521090,MEMORY,alloc,72,0x5dedc3240260,72
485585521538,MEMORY,alloc,72,0x5dedc32402b0,72
485585521962,MEMORY,alloc,72,0x5dedc3240300,72
485585522305,MEMORY,alloc,72,0x5dedc3240350,72
485585522678,MEMORY,alloc,72,0x5dedc32403a0,72
485585522995,MEMORY,alloc,72,0x5dedc32403f0,72
485585523481,MEMORY,alloc,72,0x5dedc3240440,72
485585523838,MEMORY,alloc,72,0x5dedc3240490,72
485585524376,MEMORY,alloc,72,0x5dedc32404e0,72
485585525433,MEMORY,alloc,72,0x5dedc3240530,72
485585525925,MEMORY,alloc,72,0x5dedc3240580,72
485585526396,MEMORY,alloc,72,0x5dedc32405d0,72
485585526780,MEMORY,alloc,72,0x5dedc3240620,72
485585527175,MEMORY,alloc,72,0x5dedc3240670,72
485585527508,MEMORY,alloc,72,0x5dedc32406c0,72
485585527883,MEMORY,alloc,72,0x5dedc3240710,72
485585528177,MEMORY,alloc,72,0x5dedc3240760,72
485585528689,MEMORY,alloc,72,0x5dedc32407b0,72
485585529108,MEMORY,alloc,72,0x5dedc3240800,72
485585529517,MEMORY,alloc,72,0x5dedc3240850,72
485585530452,MEMORY,alloc,72,0x5dedc32408a0,72
485585530816,MEMORY,alloc,72,0x5dedc32408f0,72
485585531171,MEMORY,alloc,72,0x5dedc3240940,72
485585531555,MEMORY,alloc,72,0x5dedc3240990,72
485585531906,MEMORY,alloc,72,0x5dedc32409e0,72
485585532211,MEMORY,alloc,72,0x5dedc3240a30,72
485585532566,MEMORY,alloc,72,0x5dedc3240a80,72
485585532876,MEMORY,alloc,72,0x5dedc3240ad0,72
485585533325,MEMORY,alloc,72,0x5dedc3240b20,72
485585533800,MEMORY,alloc,72,0x5dedc3240b70,72
485585534654,MEMORY,alloc,72,0x5dedc3240bc0,72
485585535008,MEMORY,alloc,72,0x5dedc3240c10,72
485585535388,MEMORY,alloc,72,0x5dedc3240c60,72
485585535736,MEMORY,alloc,72,0x5dedc3240cb0,72
485585536099,MEMORY,alloc,72,0x5dedc3240d00,72
485585536453,MEMORY,alloc,72,0x5dedc3240d50,72
485585536800,MEMORY,alloc,72,0x5dedc3240da0,72
485585537135,MEMORY,alloc,72,0x5dedc3240df0,72
485585542691,MEMORY,alloc,72,0x5dedc3240e40,72
485585543019,MEMORY,alloc,72,0x5dedc3240e90,72
485585557479,MEMORY,alloc,44,0x5dedc3240ee0,44
485585558399,MEMORY,alloc,32,0x5dedc3240f20,32
485585565328,MEMORY,alloc,54,0x5dedc3240f50,54
485585566417,MEMORY,alloc,72,0x5dedc3240f90,72
485585572306,MEMORY,alloc,72,0x5dedc3240fe0,72
485585572951,MEMORY,alloc,72,0x5dedc3241030,72
485585573354,MEMORY,alloc,72,0x5dedc3241080,72
485585573812,MEMORY,alloc,72,0x5dedc32410d0,72
485585574143,MEMORY,alloc,72,0x5dedc3241120,72
485585574460,MEMORY,alloc,72,0x5dedc3241170,72
485585574817,MEMORY,alloc,72,0x5dedc32411c0,72
485585575378,MEMORY,alloc,72,0x5dedc3241210,72
485585575778,MEMORY,alloc,72,0x5dedc3241260,72
485585576092,MEMORY,alloc,72,0x5dedc32412b0,72
485585577455,MEMORY,alloc,72,0x5dedc3241300,72
485585577910,MEMORY,alloc,72,0x5dedc3241350,72
485585578449,MEMORY,alloc,72,0x5dedc32413a0,72
485585578846,MEMORY,alloc,72,0x5dedc32413f0,72
485585579265,MEMORY,alloc,72,0x5dedc3241440,72
485585579679,MEMORY,alloc,72,0x5dedc3241490,72
485585580053,MEMORY,alloc,72,0x5dedc32414e0,72
485585580385,MEMORY,alloc,72,0x5dedc3241530,72
485585580978,MEMORY,alloc,72,0x5dedc3241580,72
485585581366,MEMORY,alloc,72,0x5dedc32415d0,72
485585581752,MEMORY,alloc,72,0x5dedc3241620,72
485585583349,MEMORY,alloc,72,0x5dedc3241670,72
485585583773,MEMORY,alloc,72,0x5dedc32416c0,72
485585584202,MEMORY,alloc,72,0x5dedc3241710,72
485585584601,MEMORY,alloc,72,0x5dedc3241760,72
485585585014,MEMORY,alloc,72,0x5dedc32417b0,72
485585585530,MEMORY,alloc,72,0x5dedc3241800,72
485585585843,MEMORY,alloc,72,0x5dedc3241850,72
485585586090,MEMORY,alloc,72,0x5dedc32418a0,72
485585586447,MEMORY,alloc,72,0x5dedc32418f0,72
485585586849,MEMORY,alloc,72,0x5dedc3241940,72
485585587915,MEMORY,alloc,72,0x5dedc3241990,72
485585588288,MEMORY,alloc,72,0x5dedc32419e0,72
485585588585,MEMORY,alloc,72,0x5dedc3241a30,72
485585588911,MEMORY,alloc,72,0x5dedc3241a80,72
485585589260,MEMORY,alloc,72,0x5dedc3241ad0,72
485585589571,MEMORY,alloc,72,0x5dedc3241b20,72
485585589874,MEMORY,alloc,72,0x5dedc3241b70,72
485585590154,MEMORY,alloc,72,0x5dedc3241bc0,72
485585590635,MEMORY,alloc,72,0x5dedc3241c10,72
485585591003,MEMORY,alloc,72,0x5dedc3241c60,72
485585592253,MEMORY,alloc,39,0x5dedc3241cb0,39
485585937752,MEMORY,alloc,26,0x5dedc3241ce0,26
485585939803,MEMORY,alloc,33,0x5dedc3241d10,33
485585941817,MEMORY,alloc,42,0x5dedc3241d40,42
485585958364,MEMORY,alloc,42,0x5dedc32421a0,42
485585959464,MEMORY,alloc,72,0x5dedc32421e0,72
485585960439,MEMORY,alloc,72,0x5dedc3242230,72
485585961118,MEMORY,alloc,72,0x5dedc3242280,72
485585961758,MEMORY,alloc,72,0x5dedc32422d0,72
485585962247,MEMORY,alloc,72,0x5dedc3242320,72
485585962713,MEMORY,alloc,72,0x5dedc3242370,72
485585963227,MEMORY,alloc,72,0x5dedc32423c0,72
485585963606,MEMORY,alloc,72,0x5dedc3242410,72
485585964242,MEMORY,alloc,72,0x5dedc3242460,72
485585964666,MEMORY,alloc,72,0x5dedc32424b0,72
485585965276,MEMORY,alloc,72,0x5dedc3242500,72
485585966805,MEMORY,alloc,72,0x5dedc3242550,72
485585967316,MEMORY,alloc,72,0x5dedc32425a0,72
485585967783,MEMORY,alloc,72,0x5dedc32425f0,72
485585968178,MEMORY,alloc,72,0x5dedc3242640,72
485585968557,MEMORY,alloc,72,0x5dedc3242690,72
485585968819,MEMORY,alloc,72,0x5dedc32426e0,72
485585969136,MEMORY,alloc,72,0x5dedc3242730,72
485585969455,MEMORY,alloc,72,0x5dedc3242780,72
485585969941,MEMORY,alloc,72,0x5dedc32427d0,72
485585970230,MEMORY,alloc,72,0x5dedc3242820,72
485585970609,MEMORY,alloc,72,0x5dedc3242870,72
485586391940,MEMORY,alloc,72,0x5dedc32428c0,72
485586392869,MEMORY,alloc,72,0x5dedc3242910,72
485586393286,MEMORY,alloc,72,0x5dedc3242960,72
485586393713,MEMORY,alloc,72,0x5dedc32429b0,72
485586394216,MEMORY,alloc,72,0x5dedc3242a00,72
485586394690,MEMORY,alloc,72,0x5dedc3242a50,72
485586395144,MEMORY,alloc,72,0x5dedc3242aa0,72
485586395547,MEMORY,alloc,72,0x5dedc3242af0,72
485586396296,MEMORY,alloc,72,0x5dedc3242b40,72
485586396865,MEMORY,alloc,72,0x5dedc3242b90,72
485586398569,MEMORY,alloc,72,0x5dedc3242be0,72
485586398908,MEMORY,alloc,72,0x5dedc3242c30,72
485586414224,MEMORY,alloc,72,0x5dedc3242c80,72
485586414530,MEMORY,alloc,72,0x5dedc3242cd0,72
485586414958,MEMORY,alloc,72,0x5dedc3242d20,72
485586415373,MEMORY,alloc,72,0x5dedc3242d70,72
485586415822,MEMORY,alloc,72,0x5dedc3242dc0,72
485586416304,MEMORY,alloc,72,0x5dedc3242e10,72
485586416879,MEMORY,alloc,72,0x5dedc3242e60,72
485586417404,MEMORY,alloc,72,0x5dedc3242eb0,72
485586420133,MEMORY,alloc,35,0x5dedc3242f00,35
485586423535,MEMORY,alloc,72,0x5dedc3242f30,72
485586424222,MEMORY,alloc,72,0x5dedc3242f80,72
485586429927,MEMORY,alloc,72,0x5dedc3242fd0,72
485586430530,MEMORY,alloc,72,0x5dedc3243020,72
485586430878,MEMORY,alloc,72,0x5dedc3243070,72
485586431151,MEMORY,alloc,72,0x5dedc32430c0,72
485586431448,MEMORY,alloc,72,0x5dedc3243110,72
485586431737,MEMORY,alloc,72,0x5dedc3243160,72
485586432222,MEMORY,alloc,72,0x5dedc32431b0,72
485586432557,MEMORY,alloc,72,0x5dedc3243200,72
485586432878,MEMORY,alloc,72,0x5dedc3243250,72
485586434715,MEMORY,alloc,72,0x5dedc32432a0,72
485586435157,MEMORY,alloc,72,0x5dedc32432f0,72
485586435718,MEMORY,alloc,72,0x5dedc3243340,72
485586436180,MEMORY,alloc,72,0x5dedc3243390,72
485586436637,MEMORY,alloc,72,0x5dedc32433e0,72
485586437054,MEMORY,alloc,72,0x5dedc3243430,72
485586437490,MEMORY,alloc,72,0x5dedc3243480,72
485586437914,MEMORY,alloc,72,0x5dedc32434d0,72
485586438568,MEMORY,alloc,72,0x5dedc3243520,72
485586439019,MEMORY,alloc,72,0x5dedc3243570,72
485586439477,MEMORY,alloc,72,0x5dedc32435c0,72
485586440846,MEMORY,alloc,72,0x5dedc3243610,72
485586441299,MEMORY,alloc,72,0x5dedc3243660,72
485586441774,MEMORY,alloc,72,0x5dedc32436b0,72
485586442221,MEMORY,alloc,72,0x5dedc3243700,72
485586442700,MEMORY,alloc,72,0x5dedc3243750,72
485586443124,MEMORY,alloc,72,0x5dedc32437a0,72
485586443522,MEMORY,alloc,72,0x5dedc32437f0,72
485586443813,MEMORY,alloc,72,0x5dedc3243840,72
485586444298,MEMORY,alloc,72,0x5dedc3243890,72
485586444829,MEMORY,alloc,72,0x5dedc32438e0,72
485586446336,MEMORY,alloc,72,0x5dedc3243930,72
485586446859,MEMORY,alloc,72,0x5dedc3243980,72
485586447329,MEMORY,alloc,72,0x5dedc32439d0,72
485586447826,MEMORY,alloc,72,0x5dedc3243a20,72
485586448323,MEMORY,alloc,72,0x5dedc3243a70,72
485586448801,MEMORY,alloc,72,0x5dedc3243ac0,72
485586449253,MEMORY,alloc,72,0x5dedc3243b10,72
485586449716,MEMORY,alloc,72,0x5dedc3243b60,72
485586450243,MEMORY,alloc,72,0x5dedc3243bb0,72
485586450767,MEMORY,alloc,72,0x5dedc3243c00,72
485586452799,MEMORY,alloc,44,0x5dedc3243c50,44
485586454012,MEMORY,alloc,39,0x5dedc3243c90,39
485586454884,MEMORY,alloc,37,0x5dedc3243cc0,37
485586455873,MEMORY,alloc,40,0x5dedc3243cf0,40
485586456703,MEMORY,alloc,42,0x5dedc3243d20,42
485586457387,MEMORY,alloc,37,0x5dedc3243d60,37
485586458062,MEMORY,alloc,35,0x5dedc3243d90,35
485586458701,MEMORY,alloc,41,0x5dedc3243dc0,41
485586459890,MEMORY,alloc,32,0x5dedc3243e00,32
485586460804,MEMORY,alloc,34,0x5dedc3243e30,34
485586470916,MEMORY,alloc,31,0x5dedc3243e60,31
485586478007,MEMORY,alloc,30,0x5dedc3243e90,30
485586479002,MEMORY,alloc,32,0x5dedc3243ec0,32
485586480415,MEMORY,alloc,72,0x5dedc3243ef0,72
485586480976,MEMORY,alloc,72,0x5dedc3243f40,72
485586481364,MEMORY,alloc,72,0x5dedc3243f90,72
485586486533,MEMORY,alloc,72,0x5dedc3243fe0,72
485586487045,MEMORY,alloc,72,0x5dedc3244030,72
485586487353,MEMORY,alloc,72,0x5dedc3244080,72
485586487673,MEMORY,alloc,72,0x5dedc32440d0,72
485586487950,MEMORY,alloc,72,0x5dedc3244120,72
485586488400,MEMORY,alloc,72,0x5dedc3244170,72
485586488722,MEMORY,alloc,72,0x5dedc32441c0,72
485586489039,MEMORY,alloc,72,0x5dedc3244210,72
485586489991,MEMORY,alloc,72,0x5dedc3244260,72
485586490402,MEMORY,alloc,72,0x5dedc32442b0,72
485586490802,MEMORY,alloc,72,0x5dedc3244300,72
485586491183,MEMORY,alloc,72,0x5dedc3244350,72
485586491503,MEMORY,alloc,72,0x5dedc32443a0,72
485586491770,MEMORY,alloc,72,0x5dedc32443f0,72
485586492101,MEMORY,alloc,72,0x5dedc3244440,72
485586492367,MEMORY,alloc,72,0x5dedc3244490,72
485586492778,MEMORY,alloc,72,0x5dedc32444e0,72
485586493043,MEMORY,alloc,72,0x5dedc3244530,72
485586498943,MEMORY,alloc,72,0x5dedc3244580,72
485586500008,MEMORY,alloc,72,0x5dedc32445d0,72
485586500572,MEMORY,alloc,72,0x5dedc3244620,72
485586501002,MEMORY,alloc,72,0x5dedc3244670,72
485586501450,MEMORY,alloc,72,0x5dedc32446c0,72
485586501895,MEMORY,alloc,72,0x5dedc3244710,72
485586502229,MEMORY,alloc,72,0x5dedc3244760,72
485586502613,MEMORY,alloc,72,0x5dedc32447b0,72
485586503038,MEMORY,alloc,72,0x5dedc3244800,72
485586503361,MEMORY,alloc,72,0x5dedc3244850,72
485586503736,MEMORY,alloc,72,0x5dedc32448a0,72
485586504714,MEMORY,alloc,72,0x5dedc32448f0,72
485586505104,MEMORY,alloc,72,0x5dedc3244940,72
485586505403,MEMORY,alloc,72,0x5dedc3244990,72
485586505725,MEMORY,alloc,72,0x5dedc32449e0,72
485586506087,MEMORY,alloc,72,0x5dedc3244a30,72
485586506392,MEMORY,alloc,72,0x5dedc3244a80,72
485586506700,MEMORY,alloc,72,0x5dedc3244ad0,72
485586506983,MEMORY,alloc,72,0x5dedc3244b20,72
485586507381,MEMORY,alloc,72,0x5dedc3244b70,72
485586507728,MEMORY,alloc,72,0x5dedc3244bc0,72
485586509111,MEMORY,alloc,35,0x5dedc3244c10,35
485586509877,MEMORY,alloc,35,0x5dedc3244c40,35
485586510796,MEMORY,alloc,31,0x5dedc3244c70,31
485586511994,MEMORY,alloc,33,0x5dedc3244ca0,33
485586513126,MEMORY,alloc,30,0x5dedc3244cd0,30
485586521645,MEMORY,alloc,37,0x5dedc3245120,37
485586522672,MEMORY,alloc,28,0x5dedc3245150,28
485586523560,MEMORY,alloc,28,0x5dedc3245180,28
485586524587,MEMORY,alloc,29,0x5dedc32451b0,29
485586526260,MEMORY,alloc,72,0x5dedc32451e0,72
485586526690,MEMORY,alloc,72,0x5dedc3245230,72
485586527089,MEMORY,alloc,72,0x5dedc3245280,72
485586527504,MEMORY,alloc,72,0x5dedc32452d0,72
485586527825,MEMORY,alloc,72,0x5dedc3245320,72
485586528129,MEMORY,alloc,72,0x5dedc3245370,72
485586528491,MEMORY,alloc,72,0x5dedc32453c0,72
485586528779,MEMORY,alloc,72,0x5dedc3245410,72
485586529126,MEMORY,alloc,72,0x5dedc3245460,72
485586529443,MEMORY,alloc,72,0x5dedc32454b0,72
485586529930,MEMORY,alloc,72,0x5dedc3245500,72
485586531140,MEMORY,alloc,72,0x5dedc3245550,72
485586531538,MEMORY,alloc,72,0x5dedc32455a0,72
485586531954,MEMORY,alloc,72,0x5dedc32455f0,72
485586532340,MEMORY,alloc,72,0x5dedc3245640,72
485586532781,MEMORY,alloc,72,0x5dedc3245690,72
485586533091,MEMORY,alloc,72,0x5dedc32456e0,72
485586533406,MEMORY,alloc,72,0x5dedc3245730,72
485586533683,MEMORY,alloc,72,0x5dedc3245780,72
485586534156,MEMORY,alloc,72,0x5dedc32457d0,72
485586534511,MEMORY,alloc,72,0x5dedc3245820,72
485586534815,MEMORY,alloc,72,0x5dedc3245870,72
485586535754,MEMORY,alloc,72,0x5dedc32458c0,72
485586536100,MEMORY,alloc,72,0x5dedc3245910,72
485586536408,MEMORY,alloc,72,0x5dedc3245960,72
485586536713,MEMORY,alloc,72,0x5dedc32459b0,72
485586537020,MEMORY,alloc,72,0x5dedc3245a00,72
485586537310,MEMORY,alloc,72,0x5dedc3245a50,72
485586537591,MEMORY,alloc,72,0x5dedc3245aa0,72
485586537845,MEMORY,alloc,72,0x5dedc3245af0,72
485586538185,MEMORY,alloc,72,0x5dedc3245b40,72
485586538584,MEMORY,alloc,72,0x5dedc3245b90,72
485586539357,MEMORY,alloc,72,0x5dedc3245be0,72
485586539693,MEMORY,alloc,72,0x5dedc3245c30,72
485586540114,MEMORY,alloc,72,0x5dedc3245c80,72
485586540538,MEMORY,alloc,72,0x5dedc3245cd0,72
485586540968,MEMORY,alloc,72,0x5dedc3245d20,72
485586541376,MEMORY,alloc,72,0x5dedc3245d70,72
485586541838,MEMORY,alloc,72,0x5dedc3245dc0,72
485586542245,MEMORY,alloc,72,0x5dedc3245e10,72
485586542801,MEMORY,alloc,72,0x5dedc3245e60,72
485586543338,MEMORY,alloc,72,0x5dedc3245eb0,72
485586544891,MEMORY,alloc,42,0x5dedc3245f00,42
485586545779,MEMORY,alloc,72,0x5dedc3245f40,72
485586546398,MEMORY,alloc,72,0x5dedc3245f90,72
485586552000,MEMORY,alloc,72,0x5dedc3245fe0,72
485586552668,MEMORY,alloc,72,0x5dedc3246030,72
485586552976,MEMORY,alloc,72,0x5dedc3246080,72
485586553250,MEMORY,alloc,72,0x5dedc32460d0,72
485586553597,MEMORY,alloc,72,0x5dedc3246120,72
485586553909,MEMORY,alloc,72,0x5dedc3246170,72
485586554328,MEMORY,alloc,72,0x5dedc32461c0,72
485586554717,MEMORY,alloc,72,0x5dedc3246210,72
485586555053,MEMORY,alloc,72,0x5dedc3246260,72
485586555976,MEMORY,alloc,72,0x5dedc32462b0,72
485586566552,MEMORY,alloc,72,0x5dedc3246300,72
485586567050,MEMORY,alloc,72,0x5dedc3246350,72
485586567503,MEMORY,alloc,72,0x5dedc32463a0,72
485586567994,MEMORY,alloc,72,0x5dedc32463f0,72
485586568333,MEMORY,alloc,72,0x5dedc3246440,72
485586568771,MEMORY,alloc,72,0x5dedc3246490,72
485586569208,MEMORY,alloc,72,0x5dedc32464e0,72
485586569759,MEMORY,alloc,72,0x5dedc3246530,72
485586570168,MEMORY,alloc,72,0x5dedc3246580,72
485586570575,MEMORY,alloc,72,0x5dedc32465d0,72
485586571913,MEMORY,alloc,72,0x5dedc3246620,72
485586572269,MEMORY,alloc,72,0x5dedc3246670,72
485586572706,MEMORY,alloc,72,0x5dedc32466c0,72
485586573124,MEMORY,alloc,72,0x5dedc3246710,72
485586573454,MEMORY,alloc,72,0x5dedc3246760,72
485586573734,MEMORY,alloc,72,0x5dedc32467b0,72
485586574010,MEMORY,alloc,72,0x5dedc3246800,72
485586574325,MEMORY,alloc,72,0x5dedc3246850,72
485586574655,MEMORY,alloc,72,0x5dedc32468a0,72
485586575066,MEMORY,alloc,72,0x5dedc32468f0,72
485586576049,MEMORY,alloc,72,0x5dedc3246940,72
485586576448,MEMORY,alloc,72,0x5dedc3246990,72
485586576734,MEMORY,alloc,72,0x5dedc32469e0,72
485586577017,MEMORY,alloc,72,0x5dedc3246a30,72
485586577397,MEMORY,alloc,72,0x5dedc3246a80,72
485586577687,MEMORY,alloc,72,0x5dedc3246ad0,72
485586577994,MEMORY,alloc,72,0x5dedc3246b20,72
485586578238,MEMORY,alloc,72,0x5dedc3246b70,72
485586578673,MEMORY,alloc,72,0x5dedc3246bc0,72
485586579056,MEMORY,alloc,72,0x5dedc3246c10,72
485586580166,MEMORY,alloc,72,0x5dedc3246c60,72
485586580622,MEMORY,alloc,72,0x5dedc3246cb0,72
485586581010,MEMORY,alloc,72,0x5dedc3246d00,72
485586581381,MEMORY,alloc,72,0x5dedc3246d50,72
485586581733,MEMORY,alloc,72,0x5dedc3246da0,72
485586582110,MEMORY,alloc,72,0x5dedc3246df0,72
485586582437,MEMORY,alloc,72,0x5dedc3246e40,72
485586582719,MEMORY,alloc,72,0x5dedc3246e90,72
485586583078,MEMORY,alloc,72,0x5dedc3246ee0,72
485586583337,MEMORY,alloc,72,0x5dedc3246f30,72
485586583647,MEMORY,alloc,72,0x5dedc3246f80,72
485586590593,MEMORY,alloc,72,0x5dedc3246fd0,72
485586591209,MEMORY,alloc,72,0x5dedc3247020,72
485586591786,MEMORY,alloc,72,0x5dedc3247070,72
485586592264,MEMORY,alloc,72,0x5dedc32470c0,72
485586592753,MEMORY,alloc,72,0x5dedc3247110,72
485586593149,MEMORY,alloc,72,0x5dedc3247160,72
485586593589,MEMORY,alloc,72,0x5dedc32471b0,72
485586593955,MEMORY,alloc,72,0x5dedc3247200,72
485586594439,MEMORY,alloc,72,0x5dedc3247250,72
485586594848,MEMORY,alloc,72,0x5dedc32472a0,72
485586595234,MEMORY,alloc,72,0x5dedc32472f0,72
485586596295,MEMORY,alloc,72,0x5dedc3247340,72
485586596692,MEMORY,alloc,72,0x5dedc3247390,72
485586596988,MEMORY,alloc,72,0x5dedc32473e0,72
485586597300,MEMORY,alloc,72,0x5dedc3247430,72
485586597680,MEMORY,alloc,72,0x5dedc3247480,72
485586597925,MEMORY,alloc,72,0x5dedc32474d0,72
485586598212,MEMORY,alloc,72,0x5dedc3247520,72
485586598466,MEMORY,alloc,72,0x5dedc3247570,72
485586598839,MEMORY,alloc,72,0x5dedc32475c0,72
485586599216,MEMORY,alloc,72,0x5dedc3247610,72
485586600490,MEMORY,alloc,72,0x5dedc3247660,72
485586600881,MEMORY,alloc,72,0x5dedc32476b0,72
485586601175,MEMORY,alloc,72,0x5dedc3247700,72
485586601480,MEMORY,alloc,72,0x5dedc3247750,72
485586601845,MEMORY,alloc,72,0x5dedc32477a0,72
485586602091,MEMORY,alloc,72,0x5dedc32477f0,72
485586602407,MEMORY,alloc,72,0x5dedc3247840,72
485586602657,MEMORY,alloc,72,0x5dedc3247890,72
485586603116,MEMORY,alloc,72,0x5dedc32478e0,72
485586603522,MEMORY,alloc,72,0x5dedc3247930,72
485586604752,MEMORY,alloc,41,0x5dedc3247980,41
485586901600,MEMORY,alloc,38,0x5dedc32479c0,38
485586903736,MEMORY,alloc,72,0x5dedc32479f0,72
485586904676,MEMORY,alloc,72,0x5dedc3247a40,72
485586905273,MEMORY,alloc,72,0x5dedc3247a90,72
485586905724,MEMORY,alloc,72,0x5dedc3247ae0,72
485586906063,MEMORY,alloc,72,0x5dedc3247b30,72
485586906385,MEMORY,alloc,72,0x5dedc3247b80,72
485586906728,MEMORY,alloc,72,0x5dedc3247bd0,72
485586907014,MEMORY,alloc,72,0x5dedc3247c20,72
485586907422,MEMORY,alloc,72,0x5dedc3247c70,72
485586907747,MEMORY,alloc,72,0x5dedc3247cc0,72
485586908152,MEMORY,alloc,72,0x5dedc3247d10,72
485586909415,MEMORY,alloc,72,0x5dedc3247d60,72
485586921447,MEMORY,alloc,72,0x5dedc3247db0,72
485586922122,MEMORY,alloc,72,0x5dedc3247e00,72
485586922724,MEMORY,alloc,72,0x5dedc3247e50,72
485586923162,MEMORY,alloc,72,0x5dedc3247ea0,72
485586923513,MEMORY,alloc,72,0x5dedc3247ef0,72
485586923963,MEMORY,alloc,72,0x5dedc3247f40,72
485586924499,MEMORY,alloc,72,0x5dedc3247f90,72
485586929892,MEMORY,alloc,72,0x5dedc3247fe0,72
485586930336,MEMORY,alloc,72,0x5dedc3248030,72
485586930745,MEMORY,alloc,72,0x5dedc3248080,72
485586931816,MEMORY,alloc,72,0x5dedc32480d0,72
485586932278,MEMORY,alloc,72,0x5dedc3248120,72
485586932638,MEMORY,alloc,72,0x5dedc3248170,72
485586933084,MEMORY,alloc,72,0x5dedc32481c0,72
485586933396,MEMORY,alloc,72,0x5dedc3248210,72
485586933661,MEMORY,alloc,72,0x5dedc3248260,72
485586933968,MEMORY,alloc,72,0x5dedc32482b0,72
485586934286,MEMORY,alloc,72,0x5dedc3248300,72
485586934805,MEMORY,alloc,72,0x5dedc3248350,72
485586935295,MEMORY,alloc,72,0x5dedc32483a0,72
485586936164,MEMORY,alloc,72,0x5dedc32483f0,72
485586936490,MEMORY,alloc,72,0x5dedc3248440,72
485586936782,MEMORY,alloc,72,0x5dedc3248490,72
485586937084,MEMORY,alloc,72,0x5dedc32484e0,72
485586937432,MEMORY,alloc,72,0x5dedc3248530,72
485586937705,MEMORY,alloc,72,0x5dedc3248580,72
485586938055,MEMORY,alloc,72,0x5dedc32485d0,72
485586938303,MEMORY,alloc,72,0x5dedc3248620,72
485586938736,MEMORY,alloc,72,0x5dedc3248670,72
485586939105,MEMORY,alloc,72,0x5dedc32486c0,72
485586940229,MEMORY,alloc,72,0x5dedc3248710,72
485586940693,MEMORY,alloc,72,0x5dedc3248760,72
485586941138,MEMORY,alloc,72,0x5dedc32487b0,72
485586941513,MEMORY,alloc,72,0x5dedc3248800,72
485586941980,MEMORY,alloc,72,0x5dedc3248850,72
485586942354,MEMORY,alloc,72,0x5dedc32488a0,72
485586942786,MEMORY,alloc,72,0x5dedc32488f0,72
485586943232,MEMORY,alloc,72,0x5dedc3248940,72
485586943899,MEMORY,alloc,72,0x5dedc3248990,72
485586944374,MEMORY,alloc,72,0x5dedc32489e0,72
485586944854,MEMORY,alloc,72,0x5dedc3248a30,72
485586946044,MEMORY,alloc,72,0x5dedc3248a80,72
485586946583,MEMORY,alloc,72,0x5dedc3248ad0,72
485586947147,MEMORY,alloc,72,0x5dedc3248b20,72
485586947607,MEMORY,alloc,72,0x5dedc3248b70,72
485586948068,MEMORY,alloc,72,0x5dedc3248bc0,72
485586948438,MEMORY,alloc,72,0x5dedc3248c10,72
485586948875,MEMORY,alloc,72,0x5dedc3248c60,72
485586949308,MEMORY,alloc,72,0x5dedc3248cb0,72
485586949800,MEMORY,alloc,72,0x5dedc3248d00,72
485586950288,MEMORY,alloc,72,0x5dedc3248d50,72
485586950675,MEMORY,alloc,72,0x5dedc3248da0,72
485586951513,MEMORY,alloc,72,0x5dedc3248df0,72
485586951870,MEMORY,alloc,72,0x5dedc3248e40,72
485586952196,MEMORY,alloc,72,0x5dedc3248e90,72
485586952508,MEMORY,alloc,72,0x5dedc3248ee0,72
485586952880,MEMORY,alloc,72,0x5dedc3248f30,72
485586953158,MEMORY,alloc,72,0x5dedc3248f80,72
485586959089,MEMORY,alloc,72,0x5dedc3248fd0,72
485586959581,MEMORY,alloc,72,0x5dedc3249020,72
485586959919,MEMORY,alloc,72,0x5dedc3249070,72
485586960317,MEMORY,alloc,72,0x5dedc32490c0,72
485586961234,MEMORY,alloc,72,0x5dedc3249110,72
485586961596,MEMORY,alloc,72,0x5dedc3249160,72
485586961896,MEMORY,alloc,72,0x5dedc32491b0,72
485586962202,MEMORY,alloc,72,0x5dedc3249200,72
485586962538,MEMORY,alloc,72,0x5dedc3249250,72
485586962786,MEMORY,alloc,72,0x5dedc32492a0,72
485586963111,MEMORY,alloc,72,0x5dedc32492f0,72
485586963365,MEMORY,alloc,72,0x5dedc3249340,72
485586963762,MEMORY,alloc,72,0x5dedc3249390,72
485586964177,MEMORY,alloc,72,0x5dedc32493e0,72
485586965440,MEMORY,alloc,41,0x5dedc3249430,41
485586971967,MEMORY,alloc,49,0x5dedc3249470,49
485586973107,MEMORY,alloc,44,0x5dedc32494b0,44
485586974293,MEMORY,alloc,44,0x5dedc32494f0,44
485586975448,MEMORY,alloc,38,0x5dedc3249530,38
485586976854,MEMORY,alloc,38,0x5dedc3249980,38
485586977670,MEMORY,alloc,39,0x5dedc32499b0,39
485586978864,MEMORY,alloc,31,0x5dedc32499e0,31
485586980085,MEMORY,alloc,72,0x5dedc3249a10,72
485586980501,MEMORY,alloc,72,0x5dedc3249a60,72
485586980966,MEMORY,alloc,72,0x5dedc3249ab0,72
485586981400,MEMORY,alloc,72,0x5dedc3249b00,72
485586981770,MEMORY,alloc,72,0x5dedc3249b50,72
485586991223,MEMORY,alloc,72,0x5dedc3249ba0,72
485586991678,MEMORY,alloc,72,0x5dedc3249bf0,72
485586992035,MEMORY,alloc,72,0x5dedc3249c40,72
485586992525,MEMORY,alloc,72,0x5dedc3249c90,72
485586992870,MEMORY,alloc,72,0x5dedc3249ce0,72
485586993199,MEMORY,alloc,72,0x5dedc3249d30,72
485586994827,MEMORY,alloc,72,0x5dedc3249d80,72
485586995397,MEMORY,alloc,72,0x5dedc3249dd0,72
485586996084,MEMORY,alloc,72,0x5dedc3249e20,72
485586996611,MEMORY,alloc,72,0x5dedc3249e70,72
485586997100,MEMORY,alloc,72,0x5dedc3249ec0,72
485586997523,MEMORY,alloc,72,0x5dedc3249f10,72
485586997898,MEMORY,alloc,72,0x5dedc3249f60,72
485586998174,MEMORY,alloc,72,0x5dedc3249fb0,72
485587019561,MEMORY,alloc,72,0x5dedc324a000,72
485587020264,MEMORY,alloc,72,0x5dedc324a050,72
485587020715,MEMORY,alloc,72,0x5dedc324a0a0,72
485587025931,MEMORY,alloc,72,0x5dedc324a0f0,72
485587026353,MEMORY,alloc,72,0x5dedc324a140,72
485587026722,MEMORY,alloc,72,0x5dedc324a190,72
485587027040,MEMORY,alloc,72,0x5dedc324a1e0,72
485587027420,MEMORY,alloc,72,0x5dedc324a230,72
485587027805,MEMORY,alloc,72,0x5dedc324a280,72
485587028196,MEMORY,alloc,72,0x5dedc324a2d0,72
485587028552,MEMORY,alloc,72,0x5dedc324a320,72
485587029052,MEMORY,alloc,72,0x5dedc324a370,72
485587029607,MEMORY,alloc,72,0x5dedc324a3c0,72
485587033404,MEMORY,alloc,72,0x5dedc324a410,72
485587033784,MEMORY,alloc,72,0x5dedc324a460,72
485587034081,MEMORY,alloc,72,0x5dedc324a4b0,72
485587034391,MEMORY,alloc,72,0x5dedc324a500,72
485587034749,MEMORY,alloc,72,0x5dedc324a550,72
485587035134,MEMORY,alloc,72,0x5dedc324a5a0,72
485587035514,MEMORY,alloc,72,0x5dedc324a5f0,72
485587035753,MEMORY,alloc,72,0x5dedc324a640,72
485587040849,MEMORY,alloc,72,0x5dedc324a690,72
485587041275,MEMORY,alloc,72,0x5dedc324a6e0,72
485587044284,MEMORY,alloc,36,0x5dedc324a730,36
485587045134,MEMORY,alloc,35,0x5dedc324a760,35
485587045795,MEMORY,alloc,37,0x5dedc324a790,37
485587048422,MEMORY,alloc,32,0x5dedc324a7c0,32
485587051346,MEMORY,alloc,72,0x5dedc324a7f0,72
485587051894,MEMORY,alloc,72,0x5dedc324a840,72
485587052425,MEMORY,alloc,72,0x5dedc324a890,72
485587053016,MEMORY,alloc,72,0x5dedc324a8e0,72
485587053427,MEMORY,alloc,72,0x5dedc324a930,72
485587053791,MEMORY,alloc,72,0x5dedc324a980,72
485587054143,MEMORY,alloc,72,0x5dedc324a9d0,72
485587054477,MEMORY,alloc,72,0x5dedc324aa20,72
485587055054,MEMORY,alloc,72,0x5dedc324aa70,72
485587055403,MEMORY,alloc,72,0x5dedc324aac0,72
485587055834,MEMORY,alloc,72,0x5dedc324ab10,72
485587058974,MEMORY,alloc,72,0x5dedc324ab60,72
485587059358,MEMORY,alloc,72,0x5dedc324abb0,72
485587059869,MEMORY,alloc,72,0x5dedc324ac00,72
485587060387,MEMORY,alloc,72,0x5dedc324ac50,72
485587060835,MEMORY,alloc,72,0x5dedc324aca0,72
485587061291,MEMORY,alloc,72,0x5dedc324acf0,72
485587061756,MEMORY,alloc,72,0x5dedc324ad40,72
485587062336,MEMORY,alloc,72,0x5dedc324ad90,72
485587062932,MEMORY,alloc,72,0x5dedc324ade0,72
485587063421,MEMORY,alloc,72,0x5dedc324ae30,72
485587063919,MEMORY,alloc,72,0x5dedc324ae80,72
485587065124,MEMORY,alloc,72,0x5dedc324aed0,72
485587065619,MEMORY,alloc,72,0x5dedc324af20,72
485587066101,MEMORY,alloc,72,0x5dedc324af70,72
485587073464,MEMORY,alloc,72,0x5dedc324afc0,72
485587074001,MEMORY,alloc,72,0x5dedc324b010,72
485587074262,MEMORY,alloc,72,0x5dedc324b060,72
485587074543,MEMORY,alloc,72,0x5dedc324b0b0,72
485587074838,MEMORY,alloc,72,0x5dedc324b100,72
485587075182,MEMORY,alloc,72,0x5dedc324b150,72
485587075609,MEMORY,alloc,72,0x5dedc324b1a0,72
485587076491,MEMORY,alloc,72,0x5dedc324b1f0,72
485587076877,MEMORY,alloc,72,0x5dedc324b240,72
485587077202,MEMORY,alloc,72,0x5dedc324b290,72
485587077499,MEMORY,alloc,72,0x5dedc324b2e0,72
485587077807,MEMORY,alloc,72,0x5dedc324b330,72
485587078116,MEMORY,alloc,72,0x5dedc324b380,72
485587078408,MEMORY,alloc,72,0x5dedc324b3d0,72
485587078649,MEMORY,alloc,72,0x5dedc324b420,72
485587079083,MEMORY,alloc,72,0x5dedc324b470,72
485587079449,MEMORY,alloc,72,0x5dedc324b4c0,72
485587080477,MEMORY,alloc,72,0x5dedc324b510,72
485587080908,MEMORY,alloc,72,0x5dedc324b560,72
485587089303,MEMORY,alloc,72,0x5dedc324b5b0,72
485587089810,MEMORY,alloc,72,0x5dedc324b600,72
485587090314,MEMORY,alloc,72,0x5dedc324b650,72
485587090792,MEMORY,alloc,72,0x5dedc324b6a0,72
485587091272,MEMORY,alloc,72,0x5dedc324b6f0,72
485587091754,MEMORY,alloc,72,0x5dedc324b740,72
485587092393,MEMORY,alloc,72,0x5dedc324b790,72
485587092791,MEMORY,alloc,72,0x5dedc324b7e0,72
485587093183,MEMORY,alloc,72,0x5dedc324b830,72
485587094404,MEMORY,alloc,72,0x5dedc324b880,72
485587094832,MEMORY,alloc,72,0x5dedc324b8d0,72
485587095342,MEMORY,alloc,72,0x5dedc324b920,72
485587095815,MEMORY,alloc,72,0x5dedc324b970,72
485587096237,MEMORY,alloc,72,0x5dedc324b9c0,72
485587096611,MEMORY,alloc,72,0x5dedc324ba10,72
485587097084,MEMORY,alloc,72,0x5dedc324ba60,72
485587097348,MEMORY,alloc,72,0x5dedc324bab0,72
485587097700,MEMORY,alloc,72,0x5dedc324bb00,72
485587097982,MEMORY,alloc,72,0x5dedc324bb50,72
485587098320,MEMORY,alloc,72,0x5dedc324bba0,72
485587099212,MEMORY,alloc,72,0x5dedc324bbf0,72
485587099538,MEMORY,alloc,72,0x5dedc324bc40,72
485587099829,MEMORY,alloc,72,0x5dedc324bc90,72
485587100198,MEMORY,alloc,72,0x5dedc324bce0,72
485587100520,MEMORY,alloc,72,0x5dedc324bd30,72
485587100778,MEMORY,alloc,72,0x5dedc324bd80,72
485587101054,MEMORY,alloc,72,0x5dedc324bdd0,72
485587101406,MEMORY,alloc,72,0x5dedc324be20,72
485587101740,MEMORY,alloc,72,0x5dedc324be70,72
485587102136,MEMORY,alloc,72,0x5dedc324bec0,72
485587103056,MEMORY,alloc,72,0x5dedc324bf10,72
485587103463,MEMORY,alloc,72,0x5dedc324bf60,72
485587103754,MEMORY,alloc,72,0x5dedc324bfb0,72
485587109056,MEMORY,alloc,72,0x5dedc324c000,72
485587109550,MEMORY,alloc,72,0x5dedc324c050,72
485587109847,MEMORY,alloc,72,0x5dedc324c0a0,72
485587110157,MEMORY,alloc,72,0x5dedc324c0f0,72
485587110446,MEMORY,alloc,72,0x5dedc324c140,72
485587110834,MEMORY,alloc,72,0x5dedc324c190,72
485587111217,MEMORY,alloc,72,0x5dedc324c1e0,72
485587112823,MEMORY,alloc,41,0x5dedc324c230,41
485587113838,MEMORY,alloc,44,0x5dedc324c270,44
485587426773,MEMORY,alloc,27,0x5dedc324c2b0,27
485587428654,MEMORY,alloc,36,0x5dedc324c2e0,36
485587429709,MEMORY,alloc,33,0x5dedc324c310,33
485587441833,MEMORY,alloc,36,0x5dedc324c340,36
485587442778,MEMORY,alloc,34,0x5dedc324c370,34
485587443906,MEMORY,alloc,37,0x5dedc324c3a0,37
485587444669,MEMORY,alloc,33,0x5dedc324c3d0,33
485587445759,MEMORY,alloc,36,0x5dedc324c400,36
485587446473,MEMORY,alloc,36,0x5dedc324c430,36
485587447727,MEMORY,alloc,51,0x5dedc324c460,51
485587459326,MEMORY,alloc,72,0x5dedc324c4a0,72
485587460466,MEMORY,alloc,72,0x5dedc324c4f0,72
485587461180,MEMORY,alloc,72,0x5dedc324c540,72
485587461700,MEMORY,alloc,72,0x5dedc324c590,72
485587462112,MEMORY,alloc,72,0x5dedc324c5e0,72
485587462554,MEMORY,alloc,72,0x5dedc324c630,72
485587463026,MEMORY,alloc,72,0x5dedc324c680,72
485587463408,MEMORY,alloc,72,0x5dedc324c6d0,72
485587464043,MEMORY,alloc,72,0x5dedc324c720,72
485587464460,MEMORY,alloc,72,0x5dedc324c770,72
485587464814,MEMORY,alloc,72,0x5dedc324c7c0,72
485587466921,MEMORY,alloc,72,0x5dedc324cc30,72
485587467416,MEMORY,alloc,72,0x5dedc324cc80,72
485587468003,MEMORY,alloc,72,0x5dedc324ccd0,72
485587468472,MEMORY,alloc,72,0x5dedc324cd20,72
485587468899,MEMORY,alloc,72,0x5dedc324cd70,72
485587469441,MEMORY,alloc,72,0x5dedc324cdc0,72
485587469929,MEMORY,alloc,72,0x5dedc324ce10,72
485587470391,MEMORY,alloc,72,0x5dedc324ce60,72
485587470849,MEMORY,alloc,72,0x5dedc324ceb0,72
485587471236,MEMORY,alloc,72,0x5dedc324cf00,72
485587471633,MEMORY,alloc,72,0x5dedc324cf50,72
485587472780,MEMORY,alloc,72,0x5dedc324cfa0,72
485587479574,MEMORY,alloc,72,0x5dedc324cff0,72
485587480311,MEMORY,alloc,72,0x5dedc324d040,72
485587480894,MEMORY,alloc,72,0x5dedc324d090,72
485587481468,MEMORY,alloc,72,0x5dedc324d0e0,72
485587481903,MEMORY,alloc,72,0x5dedc324d130,72
485587482346,MEMORY,alloc,72,0x5dedc324d180,72
485587482764,MEMORY,alloc,72,0x5dedc324d1d0,72
485587483415,MEMORY,alloc,72,0x5dedc324d220,72
485587483966,MEMORY,alloc,72,0x5dedc324d270,72
485587485030,MEMORY,alloc,72,0x5dedc324d2c0,72
485587485457,MEMORY,alloc,72,0x5dedc324d310,72
485587491616,MEMORY,alloc,72,0x5dedc324d360,72
485587492082,MEMORY,alloc,72,0x5dedc324d3b0,72
485587492549,MEMORY,alloc,72,0x5dedc324d400,72
485587493033,MEMORY,alloc,72,0x5dedc324d450,72
485587493515,MEMORY,alloc,72,0x5dedc324d4a0,72
485587493979,MEMORY,alloc,72,0x5dedc324d4f0,72
485587494661,MEMORY,alloc,72,0x5dedc324d540,72
485587495332,MEMORY,alloc,72,0x5dedc324d590,72
485587498071,MEMORY,alloc,34,0x5dedc324d5e0,34
485587499271,MEMORY,alloc,37,0x5dedc324d610,37
485587500256,MEMORY,alloc,38,0x5dedc324d640,38
485587501688,MEMORY,alloc,44,0x5dedc324d670,44
485587815643,MEMORY,alloc,49,0x5dedc324d6b0,49
485587817702,MEMORY,alloc,45,0x5dedc324d6f0,45
485587819193,MEMORY,alloc,48,0x5dedc324d730,48
485587982890,MEMORY,alloc,36,0x5dedc3225460,36
485587984306,MEMORY,alloc,72,0x5dedc3225490,72
485587985305,MEMORY,alloc,72,0x5dedc32254e0,72
485587986008,MEMORY,alloc,72,0x5dedc3225530,72
485587986586,MEMORY,alloc,72,0x5dedc3225580,72
485587987152,MEMORY,alloc,72,0x5dedc32255d0,72
485587987630,MEMORY,alloc,72,0x5dedc3225620,72
485587988065,MEMORY,alloc,72,0x5dedc3225670,72
485587988505,MEMORY,alloc,72,0x5dedc32256c0,72
485587989124,MEMORY,alloc,72,0x5dedc3225710,72
485587989544,MEMORY,alloc,72,0x5dedc3225760,72
485587990030,MEMORY,alloc,72,0x5dedc32257b0,72
485587991236,MEMORY,alloc,72,0x5dedc3225800,72
485587991811,MEMORY,alloc,72,0x5dedc3225850,72
485587992429,MEMORY,alloc,72,0x5dedc32258a0,72
485587992973,MEMORY,alloc,72,0x5dedc32258f0,72
485587993361,MEMORY,alloc,72,0x5dedc3225940,72
485587993777,MEMORY,alloc,72,0x5dedc3225990,72
485587994256,MEMORY,alloc,72,0x5dedc32259e0,72
485587994676,MEMORY,alloc,72,0x5dedc3225a30,72
485587995228,MEMORY,alloc,72,0x5dedc3225a80,72
485587995661,MEMORY,alloc,72,0x5dedc3225ad0,72
485587996119,MEMORY,alloc,72,0x5dedc3225b20,72
485587997404,MEMORY,alloc,72,0x5dedc3225b70,72
485587997897,MEMORY,alloc,72,0x5dedc3225bc0,72
485587998368,MEMORY,alloc,72,0x5dedc3225c10,72
485587998769,MEMORY,alloc,72,0x5dedc3225c60,72
485587999214,MEMORY,alloc,72,0x5dedc3225cb0,72
485587999670,MEMORY,alloc,72,0x5dedc3225d00,72
485588016630,MEMORY,alloc,72,0x5dedc3225d50,72
485588017630,MEMORY,alloc,72,0x5dedc3225da0,72
485588018288,MEMORY,alloc,72,0x5dedc3225df0,72
485588018933,MEMORY,alloc,72,0x5dedc3225e40,72
485588020110,MEMORY,alloc,72,0x5dedc3225e90,72
485588020635,MEMORY,alloc,72,0x5dedc3225ee0,72
485588021094,MEMORY,alloc,72,0x5dedc3225f30,72
485588021577,MEMORY,alloc,72,0x5dedc3225f80,72
485588022021,MEMORY,alloc,72,0x5dedc3225fd0,72
485588022496,MEMORY,alloc,72,0x5dedc3226020,72
485588022831,MEMORY,alloc,72,0x5dedc3226070,72
485588023206,MEMORY,alloc,72,0x5dedc32260c0,72
485588023728,MEMORY,alloc,72,0x5dedc3226110,72
485588024246,MEMORY,alloc,72,0x5dedc3226160,72
485588025522,MEMORY,alloc,72,0x5dedc32261b0,72
485588026087,MEMORY,alloc,72,0x5dedc3226200,72
485588026612,MEMORY,alloc,72,0x5dedc3226250,72
485588027090,MEMORY,alloc,72,0x5dedc32262a0,72
485588027594,MEMORY,alloc,72,0x5dedc32262f0,72
485588028029,MEMORY,alloc,72,0x5dedc3226340,72
485588028512,MEMORY,alloc,72,0x5dedc3226390,72
485588028912,MEMORY,alloc,72,0x5dedc32263e0,72
485588029405,MEMORY,alloc,72,0x5dedc3226430,72
485588029802,MEMORY,alloc,72,0x5dedc3226480,72
485588030285,MEMORY,alloc,72,0x5dedc32264d0,72
485588031696,MEMORY,alloc,72,0x5dedc3226520,72
485588032287,MEMORY,alloc,72,0x5dedc3226570,72
485588032851,MEMORY,alloc,72,0x5dedc32265c0,72
485588033472,MEMORY,alloc,72,0x5dedc3226610,72
485588034018,MEMORY,alloc,72,0x5dedc3226660,72
485588034452,MEMORY,alloc,72,0x5dedc32266b0,72
485588034897,MEMORY,alloc,72,0x5dedc3226700,72
485588035371,MEMORY,alloc,72,0x5dedc3226750,72
485588035998,MEMORY,alloc,72,0x5dedc32267a0,72
485588036439,MEMORY,alloc,72,0x5dedc32267f0,72
485588036936,MEMORY,alloc,72,0x5dedc3226840,72
485588038079,MEMORY,alloc,72,0x5dedc3226890,72
485588038564,MEMORY,alloc,72,0x5dedc32268e0,72
485588039039,MEMORY,alloc,72,0x5dedc3226930,72
485588039508,MEMORY,alloc,72,0x5dedc3226980,72
485588039923,MEMORY,alloc,72,0x5dedc32269d0,72
485588048429,MEMORY,alloc,72,0x5dedc3226a20,72
485588048942,MEMORY,alloc,72,0x5dedc3226a70,72
485588049329,MEMORY,alloc,72,0x5dedc3226ac0,72
485588049976,MEMORY,alloc,72,0x5dedc3226b10,72
485588050590,MEMORY,alloc,72,0x5dedc3226b60,72
485588051771,MEMORY,alloc,72,0x5dedc3226bb0,72
485588052209,MEMORY,alloc,72,0x5dedc3226c00,72
485588052685,MEMORY,alloc,72,0x5dedc3226c50,72
485588053187,MEMORY,alloc,72,0x5dedc3226ca0,72
485588053664,MEMORY,alloc,72,0x5dedc3226cf0,72
485588054104,MEMORY,alloc,72,0x5dedc3226d40,72
485588054517,MEMORY,alloc,72,0x5dedc3226d90,72
485588054973,MEMORY,alloc,72,0x5dedc3226de0,72
485588055477,MEMORY,alloc,72,0x5dedc3226e30,72
485588056044,MEMORY,alloc,72,0x5dedc3226e80,72
485588057263,MEMORY,alloc,72,0x5dedc3226ed0,72
485588057745,MEMORY,alloc,72,0x5dedc3226f20,72
485588058296,MEMORY,alloc,72,0x5dedc3226f70,72
485588058734,MEMORY,alloc,72,0x5dedc3226fc0,72
485588059297,MEMORY,alloc,72,0x5dedc3227010,72
485588059767,MEMORY,alloc,72,0x5dedc3227060,72
485588060140,MEMORY,alloc,72,0x5dedc32270b0,72
485588060525,MEMORY,alloc,72,0x5dedc3227100,72
485588061138,MEMORY,alloc,72,0x5dedc3227150,72
485588061515,MEMORY,alloc,72,0x5dedc32271a0,72
485588061987,MEMORY,alloc,72,0x5dedc32271f0,72
485588062953,MEMORY,alloc,72,0x5dedc3227240,72
485588063395,MEMORY,alloc,72,0x5dedc3227290,72
485588063929,MEMORY,alloc,72,0x5dedc32272e0,72
485588064336,MEMORY,alloc,72,0x5dedc3227330,72
485588064819,MEMORY,alloc,72,0x5dedc3227380,72
485588065259,MEMORY,alloc,72,0x5dedc32273d0,72
485588065646,MEMORY,alloc,72,0x5dedc3227420,72
485588065980,MEMORY,alloc,72,0x5dedc3227470,72
485588066468,MEMORY,alloc,72,0x5dedc32274c0,72
485588066914,MEMORY,alloc,72,0x5dedc3227510,72
485588067390,MEMORY,alloc,72,0x5dedc3227560,72
485588068489,MEMORY,alloc,72,0x5dedc32275b0,72
485588068979,MEMORY,alloc,72,0x5dedc3227600,72
485588069400,MEMORY,alloc,72,0x5dedc3227650,72
485588069820,MEMORY,alloc,72,0x5dedc32276a0,72
485588070170,MEMORY,alloc,72,0x5dedc32276f0,72
485588070563,MEMORY,alloc,72,0x5dedc3227740,72
485588070976,MEMORY,alloc,72,0x5dedc3227790,72
485588071326,MEMORY,alloc,72,0x5dedc32277e0,72
485588071777,MEMORY,alloc,72,0x5dedc3227830,72
485588072336,MEMORY,alloc,72,0x5dedc3227880,72
485588073395,MEMORY,alloc,72,0x5dedc32278d0,72
485588073870,MEMORY,alloc,72,0x5dedc3227920,72
485588074304,MEMORY,alloc,72,0x5dedc3227970,72
485588074785,MEMORY,alloc,72,0x5dedc32279c0,72
485588075256,MEMORY,alloc,72,0x5dedc3227a10,72
485588075679,MEMORY,alloc,72,0x5dedc3227a60,72
485588076029,MEMORY,alloc,72,0x5dedc3227ab0,72
485588076461,MEMORY,alloc,72,0x5dedc3227b00,72
485588076989,MEMORY,alloc,72,0x5dedc3227b50,72
485588077521,MEMORY,alloc,72,0x5dedc3227ba0,72
485588090869,MEMORY,alloc,26,0x5dedc3227bf0,26
485588091789,MEMORY,alloc,31,0x5dedc3227c20,31
485588092887,MEMORY,alloc,72,0x5dedc3227c50,72
485588093385,MEMORY,alloc,72,0x5dedc3227ca0,72
485588094014,MEMORY,alloc,72,0x5dedc3227cf0,72
485588094664,MEMORY,alloc,72,0x5dedc3227d40,72
485588095153,MEMORY,alloc,72,0x5dedc3227d90,72
485588095670,MEMORY,alloc,72,0x5dedc3227de0,72
485588096202,MEMORY,alloc,72,0x5dedc3227e30,72
485588096639,MEMORY,alloc,72,0x5dedc3227e80,72
485588097187,MEMORY,alloc,72,0x5dedc3227ed0,72
485588097610,MEMORY,alloc,72,0x5dedc3227f20,72
485588098119,MEMORY,alloc,72,0x5dedc3227f70,72
485588106276,MEMORY,alloc,72,0x5dedc3227fc0,72
485588106986,MEMORY,alloc,72,0x5dedc3228010,72
485588107649,MEMORY,alloc,72,0x5dedc3228060,72
485588108216,MEMORY,alloc,72,0x5dedc32280b0,72
485588108713,MEMORY,alloc,72,0x5dedc3228100,72
485588109144,MEMORY,alloc,72,0x5dedc3228150,72
485588109615,MEMORY,alloc,72,0x5dedc32281a0,72
485588110024,MEMORY,alloc,72,0x5dedc32281f0,72
485588110597,MEMORY,alloc,72,0x5dedc3228240,72
485588111030,MEMORY,alloc,72,0x5dedc3228290,72
485588111504,MEMORY,alloc,72,0x5dedc32282e0,72
485588112506,MEMORY,alloc,72,0x5dedc3228330,72
485588112986,MEMORY,alloc,72,0x5dedc3228380,72
485588113377,MEMORY,alloc,72,0x5dedc32283d0,72
485588113802,MEMORY,alloc,72,0x5dedc3228420,72
485588119686,MEMORY,alloc,72,0x5dedc3228470,72
485588120020,MEMORY,alloc,72,0x5dedc32284c0,72
485588120363,MEMORY,alloc,72,0x5dedc3228510,72
485588120694,MEMORY,alloc,72,0x5dedc3228560,72
485588121205,MEMORY,alloc,72,0x5dedc32285b0,72
485588121719,MEMORY,alloc,72,0x5dedc3228600,72
485588123109,MEMORY,alloc,72,0x5dedc3228650,72
485588123565,MEMORY,alloc,72,0x5dedc32286a0,72
485588123948,MEMORY,alloc,72,0x5dedc32286f0,72
485588124388,MEMORY,alloc,72,0x5dedc3228740,72
485588124839,MEMORY,alloc,72,0x5dedc3228790,72
485588125282,MEMORY,alloc,72,0x5dedc32287e0,72
485588125696,MEMORY,alloc,72,0x5dedc3228830,72
485588126133,MEMORY,alloc,72,0x5dedc3228880,72
485588126685,MEMORY,alloc,72,0x5dedc32288d0,72
485588127232,MEMORY,alloc,72,0x5dedc3228920,72
485588129055,MEMORY,alloc,43,0x5dedc3228970,43
485588130674,MEMORY,alloc,72,0x5dedc32289b0,72
485588131232,MEMORY,alloc,72,0x5dedc3228a00,72
485588131857,MEMORY,alloc,72,0x5dedc3228a50,72
485588132407,MEMORY,alloc,72,0x5dedc3228aa0,72
485588132926,MEMORY,alloc,72,0x5dedc3228af0,72
485588133365,MEMORY,alloc,72,0x5dedc3228b40,72
485588133880,MEMORY,alloc,72,0x5dedc3228b90,72
485588134300,MEMORY,alloc,72,0x5dedc3228be0,72
485588134886,MEMORY,alloc,72,0x5dedc3228c30,72
485588135305,MEMORY,alloc,72,0x5dedc3228c80,72
485588135737,MEMORY,alloc,72,0x5dedc3228cd0,72
485588137071,MEMORY,alloc,72,0x5dedc3228d20,72
485588137537,MEMORY,alloc,72,0x5dedc3228d70,72
485588138148,MEMORY,alloc,72,0x5dedc3228dc0,72
485588138616,MEMORY,alloc,72,0x5dedc3228e10,72
485588139143,MEMORY,alloc,72,0x5dedc3228e60,72
485588139586,MEMORY,alloc,72,0x5dedc3228eb0,72
485588140054,MEMORY,alloc,72,0x5dedc3228f00,72
485588140543,MEMORY,alloc,72,0x5dedc3228f50,72
485588141151,MEMORY,alloc,72,0x5dedc3228fa0,72
485588141598,MEMORY,alloc,72,0x5dedc3228ff0,72
485588142154,MEMORY,alloc,72,0x5dedc3229040,72
485588144815,MEMORY,alloc,72,0x5dedc32294b0,72
485588145157,MEMORY,alloc,72,0x5dedc3229500,72
485588145549,MEMORY,alloc,72,0x5dedc3229550,72
485588146016,MEMORY,alloc,72,0x5dedc32295a0,72
485588146449,MEMORY,alloc,72,0x5dedc32295f0,72
485588146852,MEMORY,alloc,72,0x5dedc3229640,72
485588147237,MEMORY,alloc,72,0x5dedc3229690,72
485588147618,MEMORY,alloc,72,0x5dedc32296e0,72
485588148085,MEMORY,alloc,72,0x5dedc3229730,72
485588148643,MEMORY,alloc,72,0x5dedc3229780,72
485588149778,MEMORY,alloc,72,0x5dedc32297d0,72
485588150209,MEMORY,alloc,72,0x5dedc3229820,72
485588150680,MEMORY,alloc,72,0x5dedc3229870,72
485588151192,MEMORY,alloc,72,0x5dedc32298c0,72
485588151677,MEMORY,alloc,72,0x5dedc3229910,72
485588152081,MEMORY,alloc,72,0x5dedc3229960,72
485588152471,MEMORY,alloc,72,0x5dedc32299b0,72
485588152915,MEMORY,alloc,72,0x5dedc3229a00,72
485588153400,MEMORY,alloc,72,0x5dedc3229a50,72
485588154051,MEMORY,alloc,72,0x5dedc3229aa0,72
485588155540,MEMORY,alloc,41,0x5dedc3229af0,41
485588156453,MEMORY,alloc,38,0x5dedc3229b30,38
485588157375,MEMORY,alloc,41,0x5dedc3229b60,41
485588158632,MEMORY,alloc,46,0x5dedc3229ba0,46
485588160003,MEMORY,alloc,72,0x5dedc3229be0,72
485588160554,MEMORY,alloc,72,0x5dedc3229c30,72
485588161025,MEMORY,alloc,72,0x5dedc3229c80,72
485588161570,MEMORY,alloc,72,0x5dedc3229cd0,72
485588162053,MEMORY,alloc,72,0x5dedc3229d20,72
485588162369,MEMORY,alloc,72,0x5dedc3229d70,72
485588162873,MEMORY,alloc,72,0x5dedc3229dc0,72
485588163342,MEMORY,alloc,72,0x5dedc3229e10,72
485588163953,MEMORY,alloc,72,0x5dedc3229e60,72
485588164385,MEMORY,alloc,72,0x5dedc3229eb0,72
485588164909,MEMORY,alloc,72,0x5dedc3229f00,72
485588166109,MEMORY,alloc,72,0x5dedc3229f50,72
485588166720,MEMORY,alloc,72,0x5dedc3229fa0,72
485588167322,MEMORY,alloc,72,0x5dedc3229ff0,72
485588167793,MEMORY,alloc,72,0x5dedc322a040,72
485588168171,MEMORY,alloc,72,0x5dedc322a090,72
485588168567,MEMORY,alloc,72,0x5dedc322a0e0,72
485588169067,MEMORY,alloc,72,0x5dedc322a130,72
485588169525,MEMORY,alloc,72,0x5dedc322a180,72
485588170102,MEMORY,alloc,72,0x5dedc322a1d0,72
485588170608,MEMORY,alloc,72,0x5dedc322a220,72
485588171081,MEMORY,alloc,72,0x5dedc322a270,72
485588172284,MEMORY,alloc,72,0x5dedc322a2c0,72
485588179379,MEMORY,alloc,72,0x5dedc322a310,72
485588179858,MEMORY,alloc,72,0x5dedc322a360,72
485588180334,MEMORY,alloc,72,0x5dedc322a3b0,72
485588180775,MEMORY,alloc,72,0x5dedc322a400,72
485588181178,MEMORY,alloc,72,0x5dedc322a450,72
485588181651,MEMORY,alloc,72,0x5dedc322a4a0,72
485588182015,MEMORY,alloc,72,0x5dedc322a4f0,72
485588182548,MEMORY,alloc,72,0x5dedc322a540,72
485588183192,MEMORY,alloc,72,0x5dedc322a590,72
485588184458,MEMORY,alloc,72,0x5dedc322a5e0,72
485588184929,MEMORY,alloc,72,0x5dedc322a630,72
485588185384,MEMORY,alloc,72,0x5dedc322a680,72
485588185842,MEMORY,alloc,72,0x5dedc322a6d0,72
485588186214,MEMORY,alloc,72,0x5dedc322a720,72
485588186613,MEMORY,alloc,72,0x5dedc322a770,72
485588186970,MEMORY,alloc,72,0x5dedc322a7c0,72
485588187424,MEMORY,alloc,72,0x5dedc322a810,72
485588187959,MEMORY,alloc,72,0x5dedc322a860,72
485588188461,MEMORY,alloc,72,0x5dedc322a8b0,72
485588189754,MEMORY,alloc,26,0x5dedc322a900,26
485588190601,MEMORY,alloc,25,0x5dedc322a930,25
485588191730,MEMORY,alloc,72,0x5dedc322a960,72
485588192208,MEMORY,alloc,72,0x5dedc322a9b0,72
485588192810,MEMORY,alloc,72,0x5dedc322aa00,72
485588193355,MEMORY,alloc,72,0x5dedc322aa50,72
485588193837,MEMORY,alloc,72,0x5dedc322aaa0,72
485588194278,MEMORY,alloc,72,0x5dedc322aaf0,72
485588194734,MEMORY,alloc,72,0x5dedc322ab40,72
485588195164,MEMORY,alloc,72,0x5dedc322ab90,72
485588195772,MEMORY,alloc,72,0x5dedc322abe0,72
485588196185,MEMORY,alloc,72,0x5dedc322ac30,72
485588196666,MEMORY,alloc,72,0x5dedc322ac80,72
485588197809,MEMORY,alloc,72,0x5dedc322acd0,72
485588198267,MEMORY,alloc,72,0x5dedc322ad20,72
485588198845,MEMORY,alloc,72,0x5dedc322ad70,72
485588199381,MEMORY,alloc,72,0x5dedc322adc0,72
485588199946,MEMORY,alloc,72,0x5dedc322ae10,72
485588200383,MEMORY,alloc,72,0x5dedc322ae60,72
485588200877,MEMORY,alloc,72,0x5dedc322aeb0,72
485588201283,MEMORY,alloc,72,0x5dedc322af00,72
485588201838,MEMORY,alloc,72,0x5dedc322af50,72
485588202280,MEMORY,alloc,72,0x5dedc322afa0,72
485588202813,MEMORY,alloc,72,0x5dedc322aff0,72
485588203839,MEMORY,alloc,72,0x5dedc322b040,72
485588204274,MEMORY,alloc,72,0x5dedc322b090,72
485588204681,MEMORY,alloc,72,0x5dedc322b0e0,72
485588205161,MEMORY,alloc,72,0x5dedc322b130,72
485588205622,MEMORY,alloc,72,0x5dedc322b180,72
485588205942,MEMORY,alloc,72,0x5dedc322b1d0,72
485588206355,MEMORY,alloc,72,0x5dedc322b220,72
485588206743,MEMORY,alloc,72,0x5dedc322b270,72
485588207233,MEMORY,alloc,72,0x5dedc322b2c0,72
485588207785,MEMORY,alloc,72,0x5dedc322b310,72
485588208918,MEMORY,alloc,72,0x5dedc322b360,72
485588209355,MEMORY,alloc,72,0x5dedc322b3b0,72
485588209723,MEMORY,alloc,72,0x5dedc322b400,72
485588210876,MEMORY,alloc,72,0x5dedc3259790,72
485588211397,MEMORY,alloc,72,0x5dedc32597e0,72
485588211877,MEMORY,alloc,72,0x5dedc3259830,72
485588212350,MEMORY,alloc,72,0x5dedc3259880,72
485588212786,MEMORY,alloc,72,0x5dedc32598d0,72
485588213324,MEMORY,alloc,72,0x5dedc3259920,72
485588213886,MEMORY,alloc,72,0x5dedc3259970,72
485588227824,MEMORY,alloc,49,0x5dedc32599c0,49
485588229291,MEMORY,alloc,48,0x5dedc3259a00,48
485588230219,MEMORY,alloc,72,0x5dedc3259a40,72
485588230871,MEMORY,alloc,72,0x5dedc3259a90,72
485588231494,MEMORY,alloc,72,0x5dedc3259ae0,72
485588232090,MEMORY,alloc,72,0x5dedc3259b30,72
485588232583,MEMORY,alloc,72,0x5dedc3259b80,72
485588233007,MEMORY,alloc,72,0x5dedc3259bd0,72
485588233460,MEMORY,alloc,72,0x5dedc3259c20,72
485588233889,MEMORY,alloc,72,0x5dedc3259c70,72
485588234461,MEMORY,alloc,72,0x5dedc3259cc0,72
485588234949,MEMORY,alloc,72,0x5dedc3259d10,72
485588235474,MEMORY,alloc,72,0x5dedc3259d60,72
485588236915,MEMORY,alloc,72,0x5dedc3259db0,72
485588237465,MEMORY,alloc,72,0x5dedc3259e00,72
485588238115,MEMORY,alloc,72,0x5dedc3259e50,72
485588238679,MEMORY,alloc,72,0x5dedc3259ea0,72
485588239127,MEMORY,alloc,72,0x5dedc3259ef0,72
485588239555,MEMORY,alloc,72,0x5dedc3259f40,72
485588240165,MEMORY,alloc,72,0x5dedc3259f90,72
485588246669,MEMORY,alloc,72,0x5dedc3259fe0,72
485588247472,MEMORY,alloc,72,0x5dedc325a030,72
485588253597,MEMORY,alloc,72,0x5dedc325a080,72
485588254107,MEMORY,alloc,72,0x5dedc325a0d0,72
485588255120,MEMORY,alloc,72,0x5dedc325a120,72
485588255649,MEMORY,alloc,72,0x5dedc325a170,72
485588256093,MEMORY,alloc,72,0x5dedc325a1c0,72
485588256495,MEMORY,alloc,72,0x5dedc325a210,72
485588256937,MEMORY,alloc,72,0x5dedc325a260,72
485588257342,MEMORY,alloc,72,0x5dedc325a2b0,72
485588257784,MEMORY,alloc,72,0x5dedc325a300,72
485588258182,MEMORY,alloc,72,0x5dedc325a350,72
485588258690,MEMORY,alloc,72,0x5dedc325a3a0,72
485588259257,MEMORY,alloc,72,0x5dedc325a3f0,72
485588260294,MEMORY,alloc,72,0x5dedc325a440,72
485588260789,MEMORY,alloc,72,0x5dedc325a490,72
485588261221,MEMORY,alloc,72,0x5dedc325a4e0,72
485588261763,MEMORY,alloc,72,0x5dedc325a530,72
485588262187,MEMORY,alloc,72,0x5dedc325a580,72
485588262617,MEMORY,alloc,72,0x5dedc325a5d0,72
485588263053,MEMORY,alloc,72,0x5dedc325a620,72
485588263437,MEMORY,alloc,72,0x5dedc325a670,72
485588263997,MEMORY,alloc,72,0x5dedc325a6c0,72
485588264567,MEMORY,alloc,72,0x5dedc325a710,72
485588265683,MEMORY,alloc,72,0x5dedc325a760,72
485588266278,MEMORY,alloc,72,0x5dedc325a7b0,72
485588266932,MEMORY,alloc,72,0x5dedc325a800,72
485588267474,MEMORY,alloc,72,0x5dedc325a850,72
485588267962,MEMORY,alloc,72,0x5dedc325a8a0,72
485588268408,MEMORY,alloc,72,0x5dedc325a8f0,72
485588268891,MEMORY,alloc,72,0x5dedc325a940,72
485588269321,MEMORY,alloc,72,0x5dedc325a990,72
485588269912,MEMORY,alloc,72,0x5dedc325a9e0,72
485588270388,MEMORY,alloc,72,0x5dedc325aa30,72
485588270904,MEMORY,alloc,72,0x5dedc325aa80,72
485588272028,MEMORY,alloc,72,0x5dedc325aad0,72
485588272531,MEMORY,alloc,72,0x5dedc325ab20,72
485588273098,MEMORY,alloc,72,0x5dedc325ab70,72
485588273668,MEMORY,alloc,72,0x5dedc325abc0,72
485588274158,MEMORY,alloc,72,0x5dedc325ac10,72
485588274595,MEMORY,alloc,72,0x5dedc325ac60,72
485588275009,MEMORY,alloc,72,0x5dedc325acb0,72
485588275399,MEMORY,alloc,72,0x5dedc325ad00,72
485588275920,MEMORY,alloc,72,0x5dedc325ad50,72
485588276326,MEMORY,alloc,72,0x5dedc325ada0,72
485588276906,MEMORY,alloc,72,0x5dedc325adf0,72
485588278006,MEMORY,alloc,72,0x5dedc325ae40,72
485588278515,MEMORY,alloc,72,0x5dedc325ae90,72
485588278964,MEMORY,alloc,72,0x5dedc325aee0,72
485588279411,MEMORY,alloc,72,0x5dedc325af30,72
485588279898,MEMORY,alloc,72,0x5dedc325af80,72
485588286156,MEMORY,alloc,72,0x5dedc325afd0,72
485588286811,MEMORY,alloc,72,0x5dedc325b020,72
485588287223,MEMORY,alloc,72,0x5dedc325b070,72
485588287741,MEMORY,alloc,72,0x5dedc325b0c0,72
485588288242,MEMORY,alloc,72,0x5dedc325b110,72
485588289355,MEMORY,alloc,72,0x5dedc325b160,72
485588289855,MEMORY,alloc,72,0x5dedc325b1b0,72
485588290306,MEMORY,alloc,72,0x5dedc325b200,72
485588290761,MEMORY,alloc,72,0x5dedc325b250,72
485588291192,MEMORY,alloc,72,0x5dedc325b2a0,72
485588291648,MEMORY,alloc,72,0x5dedc325b2f0,72
485588292078,MEMORY,alloc,72,0x5dedc325b340,72
485588292511,MEMORY,alloc,72,0x5dedc325b390,72
485588293063,MEMORY,alloc,72,0x5dedc325b3e0,72
485588293594,MEMORY,alloc,72,0x5dedc325b430,72
485588294751,MEMORY,alloc,72,0x5dedc325b480,72
485588295384,MEMORY,alloc,72,0x5dedc325b4d0,72
485588295959,MEMORY,alloc,72,0x5dedc325b520,72
485588296499,MEMORY,alloc,72,0x5dedc325b570,72
485588297103,MEMORY,alloc,72,0x5dedc325b5c0,72
485588297550,MEMORY,alloc,72,0x5dedc325b610,72
485588298048,MEMORY,alloc,72,0x5dedc325b660,72
485588298496,MEMORY,alloc,72,0x5dedc325b6b0,72
485588299105,MEMORY,alloc,72,0x5dedc325b700,72
485588299595,MEMORY,alloc,72,0x5dedc325b750,72
485588300092,MEMORY,alloc,72,0x5dedc325b7a0,72
485588301116,MEMORY,alloc,72,0x5dedc325b7f0,72
485588301675,MEMORY,alloc,72,0x5dedc325b840,72
485588302250,MEMORY,alloc,72,0x5dedc325b890,72
485588302824,MEMORY,alloc,72,0x5dedc325b8e0,72
485588303330,MEMORY,alloc,72,0x5dedc325b930,72
485588303764,MEMORY,alloc,72,0x5dedc325b980,72
485588304173,MEMORY,alloc,72,0x5dedc325b9d0,72
485588304614,MEMORY,alloc,72,0x5dedc325ba20,72
485588305167,MEMORY,alloc,72,0x5dedc325ba70,72
485588305602,MEMORY,alloc,72,0x5dedc325bac0,72
485588312094,MEMORY,alloc,72,0x5dedc325bb10,72
485588313369,MEMORY,alloc,72,0x5dedc325bb60,72
485588313844,MEMORY,alloc,72,0x5dedc325bbb0,72
485588314333,MEMORY,alloc,72,0x5dedc325bc00,72
485588314792,MEMORY,alloc,72,0x5dedc325bc50,72
485588315269,MEMORY,alloc,72,0x5dedc325bca0,72
485588315702,MEMORY,alloc,72,0x5dedc325bcf0,72
485588316131,MEMORY,alloc,72,0x5dedc325bd40,72
485588316542,MEMORY,alloc,72,0x5dedc325bd90,72
485588317080,MEMORY,alloc,72,0x5dedc325bde0,72
485588317602,MEMORY,alloc,72,0x5dedc325be30,72
485588318628,MEMORY,alloc,72,0x5dedc325be80,72
485588319098,MEMORY,alloc,72,0x5dedc325bed0,72
485588319519,MEMORY,alloc,72,0x5dedc325bf20,72
485588319964,MEMORY,alloc,72,0x5dedc325bf70,72
485588325827,MEMORY,alloc,72,0x5dedc325bfc0,72
485588326437,MEMORY,alloc,72,0x5dedc325c010,72
485588326861,MEMORY,alloc,72,0x5dedc325c060,72
485588327316,MEMORY,alloc,72,0x5dedc325c0b0,72
485588327916,MEMORY,alloc,72,0x5dedc325c100,72
485588328488,MEMORY,alloc,72,0x5dedc325c150,72
485588335430,MEMORY,alloc,25,0x5dedc322b450,25
485588336204,MEMORY,alloc,28,0x5dedc325c1a0,28
485588337467,MEMORY,alloc,31,0x5dedc325c5f0,31
485588338497,MEMORY,alloc,72,0x5dedc325c620,72
485588339014,MEMORY,alloc,72,0x5dedc325c670,72
485588339601,MEMORY,alloc,72,0x5dedc325c6c0,72
485588340105,MEMORY,alloc,72,0x5dedc325c710,72
485588340502,MEMORY,alloc,72,0x5dedc325c760,72
485588341038,MEMORY,alloc,72,0x5dedc325c7b0,72
485588341469,MEMORY,alloc,72,0x5dedc325c800,72
485588341815,MEMORY,alloc,72,0x5dedc325c850,72
485588342380,MEMORY,alloc,72,0x5dedc325c8a0,72
485588342832,MEMORY,alloc,72,0x5dedc325c8f0,72
485588343263,MEMORY,alloc,72,0x5dedc325c940,72
485588344451,MEMORY,alloc,72,0x5dedc325c990,72
485588344904,MEMORY,alloc,72,0x5dedc325c9e0,72
485588345446,MEMORY,alloc,72,0x5dedc325ca30,72
485588345995,MEMORY,alloc,72,0x5dedc325ca80,72
485588346521,MEMORY,alloc,72,0x5dedc325cad0,72
485588346937,MEMORY,alloc,72,0x5dedc325cb20,72
485588347285,MEMORY,alloc,72,0x5dedc325cb70,72
485588347685,MEMORY,alloc,72,0x5dedc325cbc0,72
485588348160,MEMORY,alloc,72,0x5dedc325cc10,72
485588348571,MEMORY,alloc,72,0x5dedc325cc60,72
485588349002,MEMORY,alloc,72,0x5dedc325ccb0,72
485588350020,MEMORY,alloc,72,0x5dedc325cd00,72
485588350379,MEMORY,alloc,72,0x5dedc325cd50,72
485588350754,MEMORY,alloc,72,0x5dedc325cda0,72
485588351188,MEMORY,alloc,72,0x5dedc325cdf0,72
485588351668,MEMORY,alloc,72,0x5dedc325ce40,72
485588352062,MEMORY,alloc,72,0x5dedc325ce90,72
485588352536,MEMORY,alloc,72,0x5dedc325cee0,72
485588352873,MEMORY,alloc,72,0x5dedc325cf30,72
485588353297,MEMORY,alloc,72,0x5dedc325cf80,72
485588359672,MEMORY,alloc,72,0x5dedc325cfd0,72
485588360954,MEMORY,alloc,72,0x5dedc325d020,72
485588361453,MEMORY,alloc,72,0x5dedc325d070,72
485588361926,MEMORY,alloc,72,0x5dedc325d0c0,72
485588362370,MEMORY,alloc,72,0x5dedc325d110,72
485588362811,MEMORY,alloc,72,0x5dedc325d160,72
485588363256,MEMORY,alloc,72,0x5dedc325d1b0,72
485588363663,MEMORY,alloc,72,0x5dedc325d200,72
485588364059,MEMORY,alloc,72,0x5dedc325d250,72
485588364596,MEMORY,alloc,72,0x5dedc325d2a0,72
485588365117,MEMORY,alloc,72,0x5dedc325d2f0,72
485588366354,MEMORY,alloc,72,0x5dedc325d340,72
485588366889,MEMORY,alloc,72,0x5dedc325d390,72
485588367419,MEMORY,alloc,72,0x5dedc325d3e0,72
485588367901,MEMORY,alloc,72,0x5dedc325d430,72
485588368359,MEMORY,alloc,72,0x5dedc325d480,72
485588368721,MEMORY,alloc,72,0x5dedc325d4d0,72
485588369076,MEMORY,alloc,72,0x5dedc325d520,72
485588369392,MEMORY,alloc,72,0x5dedc325d570,72
485588370072,MEMORY,alloc,72,0x5dedc325d5c0,72
485588370427,MEMORY,alloc,72,0x5dedc325d610,72
485588370950,MEMORY,alloc,72,0x5dedc325d660,72
485588372192,MEMORY,alloc,72,0x5dedc325d6b0,72
485588372751,MEMORY,alloc,72,0x5dedc325d700,72
485588373229,MEMORY,alloc,72,0x5dedc325d750,72
485588373771,MEMORY,alloc,72,0x5dedc325d7a0,72
485588374252,MEMORY,alloc,72,0x5dedc325d7f0,72
485588374687,MEMORY,alloc,72,0x5dedc325d840,72
485588375105,MEMORY,alloc,72,0x5dedc325d890,72
485588375478,MEMORY,alloc,72,0x5dedc325d8e0,72
485588375978,MEMORY,alloc,72,0x5dedc325d930,72
485588382051,MEMORY,alloc,72,0x5dedc325d980,72
485588382475,MEMORY,alloc,72,0x5dedc325d9d0,72
485588383582,MEMORY,alloc,72,0x5dedc325da20,72
485588384064,MEMORY,alloc,72,0x5dedc325da70,72
485588384457,MEMORY,alloc,72,0x5dedc325dac0,72
485588384925,MEMORY,alloc,72,0x5dedc325db10,72
485588385411,MEMORY,alloc,72,0x5dedc325db60,72
485588385866,MEMORY,alloc,72,0x5dedc325dbb0,72
485588386352,MEMORY,alloc,72,0x5dedc325dc00,72
485588386770,MEMORY,alloc,72,0x5dedc325dc50,72
485588387267,MEMORY,alloc,72,0x5dedc325dca0,72
485588387822,MEMORY,alloc,72,0x5dedc325dcf0,72
485588389070,MEMORY,alloc,72,0x5dedc325dd40,72
485588389490,MEMORY,alloc,72,0x5dedc325dd90,72
485588389846,MEMORY,alloc,72,0x5dedc325dde0,72
485588390301,MEMORY,alloc,72,0x5dedc325de30,72
485588390744,MEMORY,alloc,72,0x5dedc325de80,72
485588391158,MEMORY,alloc,72,0x5dedc325ded0,72
485588391497,MEMORY,alloc,72,0x5dedc325df20,72
485588391921,MEMORY,alloc,72,0x5dedc325df70,72
485588397706,MEMORY,alloc,72,0x5dedc325dfc0,72
485588398448,MEMORY,alloc,72,0x5dedc325e010,72
485590054372,MEMORY,alloc,33,0x5dedc325e060,33
485590056496,MEMORY,alloc,40,0x5dedc325e090,40
485590057624,MEMORY,alloc,33,0x5dedc325e0c0,33
485590058465,MEMORY,alloc,40,0x5dedc325e0f0,40
485590059511,MEMORY,alloc,40,0x5dedc325e120,40
485590060918,MEMORY,alloc,35,0x5dedc325e150,35
485590061718,MEMORY,alloc,35,0x5dedc325e180,35
485590062443,MEMORY,alloc,35,0x5dedc325e1b0,35
485590063261,MEMORY,alloc,42,0x5dedc325e1e0,42
485590064299,MEMORY,alloc,44,0x5dedc325e220,44
485590065079,MEMORY,alloc,32,0x5dedc325e260,32
485590066466,MEMORY,alloc,72,0x5dedc325e290,72
485590067615,MEMORY,alloc,72,0x5dedc325e2e0,72
485590068548,MEMORY,alloc,72,0x5dedc325e330,72
485590069279,MEMORY,alloc,72,0x5dedc325e380,72
485590069760,MEMORY,alloc,72,0x5dedc325e3d0,72
485590070356,MEMORY,alloc,72,0x5dedc325e420,72
485590070903,MEMORY,alloc,72,0x5dedc325e470,72
485590071386,MEMORY,alloc,72,0x5dedc325e4c0,72
485590071995,MEMORY,alloc,72,0x5dedc325e510,72
485590072451,MEMORY,alloc,72,0x5dedc325e560,72
485590072926,MEMORY,alloc,72,0x5dedc325e5b0,72
485590074272,MEMORY,alloc,72,0x5dedc325e600,72
485590075002,MEMORY,alloc,72,0x5dedc325e650,72
485590075632,MEMORY,alloc,72,0x5dedc325e6a0,72
485590076243,MEMORY,alloc,72,0x5dedc325e6f0,72
485590076701,MEMORY,alloc,72,0x5dedc325e740,72
485590077185,MEMORY,alloc,72,0x5dedc325e790,72
485590077668,MEMORY,alloc,72,0x5dedc325e7e0,72
485590078167,MEMORY,alloc,72,0x5dedc325e830,72
485590078851,MEMORY,alloc,72,0x5dedc325e880,72
485590079379,MEMORY,alloc,72,0x5dedc325e8d0,72
485590079808,MEMORY,alloc,72,0x5dedc325e920,72
485590080889,MEMORY,alloc,72,0x5dedc325e970,72
485590081408,MEMORY,alloc,72,0x5dedc325e9c0,72
485590081884,MEMORY,alloc,72,0x5dedc325ea10,72
485590082437,MEMORY,alloc,72,0x5dedc325ea60,72
485590082864,MEMORY,alloc,72,0x5dedc325eab0,72
485590083382,MEMORY,alloc,72,0x5dedc325eb00,72
485590083757,MEMORY,alloc,72,0x5dedc325eb50,72
485590084174,MEMORY,alloc,72,0x5dedc325eba0,72
485590084835,MEMORY,alloc,72,0x5dedc325ebf0,72
485590085417,MEMORY,alloc,72,0x5dedc325ec40,72
485590092659,MEMORY,alloc,72,0x5dedc325ec90,72
485590093150,MEMORY,alloc,72,0x5dedc325ece0,72
485590093664,MEMORY,alloc,72,0x5dedc325ed30,72
485590094156,MEMORY,alloc,72,0x5dedc325ed80,72
485590094681,MEMORY,alloc,72,0x5dedc325edd0,72
485590095117,MEMORY,alloc,72,0x5dedc325ee20,72
485590095585,MEMORY,alloc,72,0x5dedc325ee70,72
485590095934,MEMORY,alloc,72,0x5dedc325eec0,72
485590096560,MEMORY,alloc,72,0x5dedc325ef10,72
485590097222,MEMORY,alloc,72,0x5dedc325ef60,72
485590108840,MEMORY,alloc,29,0x5dedc325efb0,29
485590332825,MEMORY,alloc,24,0x5dedc325efe0,24
485590347926,MEMORY,alloc,40,0x5dedc325f000,40
485590349555,MEMORY,alloc,41,0x5dedc325f030,41
485590350424,MEMORY,alloc,39,0x5dedc325f070,39
485590351261,MEMORY,alloc,28,0x5dedc325f0a0,28
485590352382,MEMORY,alloc,36,0x5dedc325f0d0,36
485590353420,MEMORY,alloc,40,0x5dedc325f100,40
485590355194,MEMORY,alloc,28,0x5dedc325f550,28
485590362158,MEMORY,alloc,31,0x5dedc325f580,31
485590368815,MEMORY,alloc,32,0x5dedc325f5b0,32
485590369924,MEMORY,alloc,32,0x5dedc325f5e0,32
485590370926,MEMORY,alloc,28,0x5dedc325f610,28
485590372044,MEMORY,alloc,33,0x5dedc325f640,33
485590373398,MEMORY,alloc,38,0x5dedc325f670,38
485590374538,MEMORY,alloc,29,0x5dedc325f6a0,29
485590375244,MEMORY,alloc,28,0x5dedc325f6d0,28
485590376371,MEMORY,alloc,37,0x5dedc325f700,37
485590377282,MEMORY,alloc,30,0x5dedc325f730,30
485590378202,MEMORY,alloc,44,0x5dedc325f760,44
485590378963,MEMORY,alloc,37,0x5dedc325f7a0,37
485590379973,MEMORY,alloc,39,0x5dedc325f7d0,39
485590380801,MEMORY,alloc,44,0x5dedc325f800,44
485590381468,MEMORY,alloc,37,0x5dedc325f840,37
485590384807,MEMORY,alloc,45,0x5dedc325f870,45
485590385520,MEMORY,alloc,29,0x5dedc325f8b0,29
485590386679,MEMORY,alloc,46,0x5dedc325f8e0,46
485590387534,MEMORY,alloc,35,0x5dedc325f920,35
485590388307,MEMORY,alloc,37,0x5dedc325f950,37
485590389340,MEMORY,alloc,38,0x5dedc325f980,38
485590390520,MEMORY,alloc,72,0x5dedc325f9b0,72
485590391285,MEMORY,alloc,72,0x5dedc325fa00,72
485590391871,MEMORY,alloc,72,0x5dedc325fa50,72
485590392461,MEMORY,alloc,72,0x5dedc325faa0,72
485590392978,MEMORY,alloc,72,0x5dedc325faf0,72
485590393481,MEMORY,alloc,72,0x5dedc325fb40,72
485590393951,MEMORY,alloc,72,0x5dedc325fb90,72
485590394426,MEMORY,alloc,72,0x5dedc325fbe0,72
485590394978,MEMORY,alloc,72,0x5dedc325fc30,72
485590395410,MEMORY,alloc,72,0x5dedc325fc80,72
485590395871,MEMORY,alloc,72,0x5dedc325fcd0,72
485590397373,MEMORY,alloc,72,0x5dedc325fd20,72
485590397968,MEMORY,alloc,72,0x5dedc325fd70,72
485590398540,MEMORY,alloc,72,0x5dedc325fdc0,72
485590399234,MEMORY,alloc,72,0x5dedc325fe10,72
485590399737,MEMORY,alloc,72,0x5dedc325fe60,72
485590400184,MEMORY,alloc,72,0x5dedc325feb0,72
485590400627,MEMORY,alloc,72,0x5dedc325ff00,72
485590401113,MEMORY,alloc,72,0x5dedc325ff50,72
485590401706,MEMORY,alloc,72,0x5dedc325ffa0,72
485590408139,MEMORY,alloc,72,0x5dedc325fff0,72
485590408811,MEMORY,alloc,72,0x5dedc3260040,72
485590414970,MEMORY,alloc,72,0x5dedc3260090,72
485590415466,MEMORY,alloc,72,0x5dedc32600e0,72
485590415904,MEMORY,alloc,72,0x5dedc3260130,72
485590416467,MEMORY,alloc,72,0x5dedc3260180,72
485590416957,MEMORY,alloc,72,0x5dedc32601d0,72
485590417436,MEMORY,alloc,72,0x5dedc3260220,72
485590417841,MEMORY,alloc,72,0x5dedc3260270,72
485590418151,MEMORY,alloc,72,0x5dedc32602c0,72
485590418853,MEMORY,alloc,72,0x5dedc3260310,72
485590419575,MEMORY,alloc,72,0x5dedc3260360,72
485590421019,MEMORY,alloc,72,0x5dedc32603b0,72
485590421437,MEMORY,alloc,72,0x5dedc3260400,72
485590421885,MEMORY,alloc,72,0x5dedc3260450,72
485590422312,MEMORY,alloc,72,0x5dedc32604a0,72
485590422687,MEMORY,alloc,72,0x5dedc32604f0,72
485590423112,MEMORY,alloc,72,0x5dedc3260540,72
485590423457,MEMORY,alloc,72,0x5dedc3260590,72
485590423864,MEMORY,alloc,72,0x5dedc32605e0,72
485590424493,MEMORY,alloc,72,0x5dedc3260630,72
485590425075,MEMORY,alloc,72,0x5dedc3260680,72
485590426462,MEMORY,alloc,32,0x5dedc32606d0,32
485590427415,MEMORY,alloc,43,0x5dedc3260700,43
485590428578,MEMORY,alloc,36,0x5dedc3260740,36
485590429676,MEMORY,alloc,72,0x5dedc3260770,72
485590430259,MEMORY,alloc,72,0x5dedc32607c0,72
485590430861,MEMORY,alloc,72,0x5dedc3260810,72
485590431424,MEMORY,alloc,72,0x5dedc3260860,72
485590431903,MEMORY,alloc,72,0x5dedc32608b0,72
485590432289,MEMORY,alloc,72,0x5dedc3260900,72
485590432667,MEMORY,alloc,72,0x5dedc3260950,72
485590433052,MEMORY,alloc,72,0x5dedc32609a0,72
485590433603,MEMORY,alloc,72,0x5dedc32609f0,72
485590433984,MEMORY,alloc,72,0x5dedc3260a40,72
485590434364,MEMORY,alloc,72,0x5dedc3260a90,72
485590435556,MEMORY,alloc,72,0x5dedc3260ae0,72
485590436042,MEMORY,alloc,72,0x5dedc3260b30,72
485590436584,MEMORY,alloc,72,0x5dedc3260b80,72
485590437174,MEMORY,alloc,72,0x5dedc3260bd0,72
485590437638,MEMORY,alloc,72,0x5dedc3260c20,72
485590438096,MEMORY,alloc,72,0x5dedc3260c70,72
485590438538,MEMORY,alloc,72,0x5dedc3260cc0,72
485590438956,MEMORY,alloc,72,0x5dedc3260d10,72
485590439540,MEMORY,alloc,72,0x5dedc3260d60,72
485590459463,MEMORY,alloc,72,0x5dedc3260db0,72
485590460132,MEMORY,alloc,72,0x5dedc3260e00,72
485590818542,MEMORY,alloc,72,0x5dedc3261270,72
485590819537,MEMORY,alloc,72,0x5dedc32612c0,72
485590819997,MEMORY,alloc,72,0x5dedc3261310,72
485590820437,MEMORY,alloc,72,0x5dedc3261360,72
485590820914,MEMORY,alloc,72,0x5dedc32613b0,72
485590821315,MEMORY,alloc,72,0x5dedc3261400,72
485590821828,MEMORY,alloc,72,0x5dedc3261450,72
485590822258,MEMORY,alloc,72,0x5dedc32614a0,72
485590823086,MEMORY,alloc,72,0x5dedc32614f0,72
485590823795,MEMORY,alloc,72,0x5dedc3261540,72
485590825211,MEMORY,alloc,72,0x5dedc3261590,72
485590825712,MEMORY,alloc,72,0x5dedc32615e0,72
485590826151,MEMORY,alloc,72,0x5dedc3261630,72
485590826620,MEMORY,alloc,72,0x5dedc3261680,72
485590827029,MEMORY,alloc,72,0x5dedc32616d0,72
485590827323,MEMORY,alloc,72,0x5dedc3261720,72
485590827792,MEMORY,alloc,72,0x5dedc3261770,72
485590828237,MEMORY,alloc,72,0x5dedc32617c0,72
485590828856,MEMORY,alloc,72,0x5dedc3261810,72
485590829453,MEMORY,alloc,72,0x5dedc3261860,72
485590842472,MEMORY,alloc,43,0x5dedc32618b0,43
485590844002,MEMORY,alloc,72,0x5dedc32618f0,72
485590844935,MEMORY,alloc,72,0x5dedc3261940,72
485590845523,MEMORY,alloc,72,0x5dedc3261990,72
485590846150,MEMORY,alloc,72,0x5dedc32619e0,72
485590846625,MEMORY,alloc,72,0x5dedc3261a30,72
485590847036,MEMORY,alloc,72,0x5dedc3261a80,72
485590847494,MEMORY,alloc,72,0x5dedc3261ad0,72
485590847893,MEMORY,alloc,72,0x5dedc3261b20,72
485590848514,MEMORY,alloc,72,0x5dedc3261b70,72
485590848976,MEMORY,alloc,72,0x5dedc3261bc0,72
485590849384,MEMORY,alloc,72,0x5dedc3261c10,72
485590850581,MEMORY,alloc,72,0x5dedc3261c60,72
485590851189,MEMORY,alloc,72,0x5dedc3261cb0,72
485590851796,MEMORY,alloc,72,0x5dedc3261d00,72
485590852428,MEMORY,alloc,72,0x5dedc3261d50,72
485590852828,MEMORY,alloc,72,0x5dedc3261da0,72
485590853404,MEMORY,alloc,72,0x5dedc3261df0,72
485590853934,MEMORY,alloc,72,0x5dedc3261e40,72
485590854292,MEMORY,alloc,72,0x5dedc3261e90,72
485590854928,MEMORY,alloc,72,0x5dedc3261ee0,72
485590855351,MEMORY,alloc,72,0x5dedc3261f30,72
485590855809,MEMORY,alloc,72,0x5dedc3261f80,72
485590867127,MEMORY,alloc,72,0x5dedc3261fd0,72
485590867864,MEMORY,alloc,72,0x5dedc3262020,72
485590868297,MEMORY,alloc,72,0x5dedc3262070,72
485590868639,MEMORY,alloc,72,0x5dedc32620c0,72
485590869005,MEMORY,alloc,72,0x5dedc3262110,72
485590869331,MEMORY,alloc,72,0x5dedc3262160,72
485590869766,MEMORY,alloc,72,0x5dedc32621b0,72
485590870148,MEMORY,alloc,72,0x5dedc3262200,72
485590870764,MEMORY,alloc,72,0x5dedc3262250,72
485590871380,MEMORY,alloc,72,0x5dedc32622a0,72
485590872486,MEMORY,alloc,72,0x5dedc32622f0,72
485590872961,MEMORY,alloc,72,0x5dedc3262340,72
485590873397,MEMORY,alloc,72,0x5dedc3262390,72
485590873885,MEMORY,alloc,72,0x5dedc32623e0,72
485590874349,MEMORY,alloc,72,0x5dedc3262430,72
485590874797,MEMORY,alloc,72,0x5dedc3262480,72
485590875260,MEMORY,alloc,72,0x5dedc32624d0,72
485590875702,MEMORY,alloc,72,0x5dedc3262520,72
485590876264,MEMORY,alloc,72,0x5dedc3262570,72
485590876782,MEMORY,alloc,72,0x5dedc32625c0,72
485591209972,MEMORY,alloc,45,0x5dedc3262610,45
485591212085,MEMORY,alloc,72,0x5dedc3262650,72
485591213197,MEMORY,alloc,72,0x5dedc32626a0,72
485591213913,MEMORY,alloc,72,0x5dedc32626f0,72
485591214469,MEMORY,alloc,72,0x5dedc3262740,72
485591214987,MEMORY,alloc,72,0x5dedc3262790,72
485591215610,MEMORY,alloc,72,0x5dedc32627e0,72
485591216133,MEMORY,alloc,72,0x5dedc3262830,72
485591216588,MEMORY,alloc,72,0x5dedc3262880,72
485591217228,MEMORY,alloc,72,0x5dedc32628d0,72
485591217659,MEMORY,alloc,72,0x5dedc3262920,72
485591218034,MEMORY,alloc,72,0x5dedc3262970,72
485591219228,MEMORY,alloc,72,0x5dedc32629c0,72
485591219838,MEMORY,alloc,72,0x5dedc3262a10,72
485591220374,MEMORY,alloc,72,0x5dedc3262a60,72
485591220833,MEMORY,alloc,72,0x5dedc3262ab0,72
485591221348,MEMORY,alloc,72,0x5dedc3262b00,72
485591221683,MEMORY,alloc,72,0x5dedc3262b50,72
485591222173,MEMORY,alloc,72,0x5dedc3262ba0,72
485591222587,MEMORY,alloc,72,0x5dedc3262bf0,72
485591223212,MEMORY,alloc,72,0x5dedc3262c40,72
485591234832,MEMORY,alloc,72,0x5dedc3262c90,72
485591235504,MEMORY,alloc,72,0x5dedc3262ce0,72
485591236972,MEMORY,alloc,72,0x5dedc3262d30,72
485591237429,MEMORY,alloc,72,0x5dedc3262d80,72
485591237945,MEMORY,alloc,72,0x5dedc3262dd0,72
485591238469,MEMORY,alloc,72,0x5dedc3262e20,72
485591238950,MEMORY,alloc,72,0x5dedc3262e70,72
485591239457,MEMORY,alloc,72,0x5dedc3262ec0,72
485591239943,MEMORY,alloc,72,0x5dedc3262f10,72
485591240361,MEMORY,alloc,72,0x5dedc3262f60,72
485591241113,MEMORY,alloc,72,0x5dedc3262fb0,72
485591247257,MEMORY,alloc,72,0x5dedc3263000,72
485591248582,MEMORY,alloc,72,0x5dedc3263050,72
485591249071,MEMORY,alloc,72,0x5dedc32630a0,72
485591249466,MEMORY,alloc,72,0x5dedc32630f0,72
485591249893,MEMORY,alloc,72,0x5dedc3263140,72
485591250326,MEMORY,alloc,72,0x5dedc3263190,72
485591250779,MEMORY,alloc,72,0x5dedc32631e0,72
485591251236,MEMORY,alloc,72,0x5dedc3263230,72
485591251673,MEMORY,alloc,72,0x5dedc3263280,72
485591252264,MEMORY,alloc,72,0x5dedc32632d0,72
485591252737,MEMORY,alloc,72,0x5dedc3263320,72
485591254387,MEMORY,alloc,43,0x5dedc3263370,43
485591255457,MEMORY,alloc,72,0x5dedc32633b0,72
485591256073,MEMORY,alloc,72,0x5dedc3263400,72
485591256659,MEMORY,alloc,72,0x5dedc3263450,72
485591257170,MEMORY,alloc,72,0x5dedc32634a0,72
485591257650,MEMORY,alloc,72,0x5dedc32634f0,72
485591258086,MEMORY,alloc,72,0x5dedc3263540,72
485591258586,MEMORY,alloc,72,0x5dedc3263590,72
485591259067,MEMORY,alloc,72,0x5dedc32635e0,72
485591259659,MEMORY,alloc,72,0x5dedc3263630,72
485591260057,MEMORY,alloc,72,0x5dedc3263680,72
485591260430,MEMORY,alloc,72,0x5dedc32636d0,72
485591261580,MEMORY,alloc,72,0x5dedc3263720,72
485591262078,MEMORY,alloc,72,0x5dedc3263770,72
485591262759,MEMORY,alloc,72,0x5dedc32637c0,72
485591263319,MEMORY,alloc,72,0x5dedc3263810,72
485591263854,MEMORY,alloc,72,0x5dedc3263860,72
485591264299,MEMORY,alloc,72,0x5dedc32638b0,72
485591264794,MEMORY,alloc,72,0x5dedc3263900,72
485591265268,MEMORY,alloc,72,0x5dedc3263950,72
485591265877,MEMORY,alloc,72,0x5dedc32639a0,72
485591266361,MEMORY,alloc,72,0x5dedc32639f0,72
485591266825,MEMORY,alloc,72,0x5dedc3263a40,72
485591267947,MEMORY,alloc,72,0x5dedc3263a90,72
485591268437,MEMORY,alloc,72,0x5dedc3263ae0,72
485591268859,MEMORY,alloc,72,0x5dedc3263b30,72
485591269345,MEMORY,alloc,72,0x5dedc3263b80,72
485591269806,MEMORY,alloc,72,0x5dedc3263bd0,72
485591270230,MEMORY,alloc,72,0x5dedc3263c20,72
485591270712,MEMORY,alloc,72,0x5dedc3263c70,72
485591271105,MEMORY,alloc,72,0x5dedc3263cc0,72
485591271655,MEMORY,alloc,72,0x5dedc3263d10,72
485591272223,MEMORY,alloc,72,0x5dedc3263d60,72
485591273317,MEMORY,alloc,72,0x5dedc3263db0,72
485591273831,MEMORY,alloc,72,0x5dedc3263e00,72
485591274277,MEMORY,alloc,72,0x5dedc3263e50,72
485591274767,MEMORY,alloc,72,0x5dedc3263ea0,72
485591275221,MEMORY,alloc,72,0x5dedc3263ef0,72
485591275663,MEMORY,alloc,72,0x5dedc3263f40,72
485591276119,MEMORY,alloc,72,0x5dedc3263f90,72
485591282169,MEMORY,alloc,72,0x5dedc3263fe0,72
485591282881,MEMORY,alloc,72,0x5dedc3264030,72
485591283449,MEMORY,alloc,72,0x5dedc3264080,72
485591284871,MEMORY,alloc,35,0x5dedc32640d0,35
485591286146,MEMORY,alloc,39,0x5dedc3264100,39
485591287095,MEMORY,alloc,44,0x5dedc3264130,44
485591287983,MEMORY,alloc,32,0x5dedc3264170,32
485591289309,MEMORY,alloc,41,0x5dedc32641a0,41
485591290786,MEMORY,alloc,42,0x5dedc32641e0,42
485591291700,MEMORY,alloc,43,0x5dedc3264220,43
485591293005,MEMORY,alloc,36,0x5dedc3264260,36
485591303702,MEMORY,alloc,45,0x5dedc3264290,45
485591304767,MEMORY,alloc,46,0x5dedc32642d0,46
485594092623,MEMORY,alloc,26,0x5dedc3264310,26
485594100486,MEMORY,alloc,32,0x5dedc3264340,32
485594101345,MEMORY,alloc,132,0x5dedc3216a40,132
485594576301,MEMORY,alloc,132,0x5dedc3264370,132
485594576852,MEMORY,alloc,132,0x5dedc3264400,132
485594577336,MEMORY,alloc,132,0x5dedc3264490,132
485594577767,MEMORY,alloc,132,0x5dedc3264520,132
485594578265,MEMORY,alloc,132,0x5dedc32645b0,132
485594578837,MEMORY,alloc,132,0x5dedc3264640,132
485594579292,MEMORY,alloc,132,0x5dedc32646d0,132
485594588423,MEMORY,alloc,132,0x5dedc3264760,132
485594588786,MEMORY,alloc,132,0x5dedc32647f0,132
485594589175,MEMORY,alloc,132,0x5dedc3264880,132
485594589559,MEMORY,alloc,132,0x5dedc3264910,132
485594602583,MEMORY,alloc,64,0x5dedc32649a0,64
485594602933,MEMORY,alloc,132,0x5dedc32649f0,132
485594611902,MEMORY,alloc,64,0x5dedc3264a80,64
485594612108,MEMORY,alloc,132,0x5dedc3264ad0,132
485594612681,MEMORY,alloc,64,0x5dedc3264b60,64
485594612980,MEMORY,alloc,132,0x5dedc3264bb0,132
485594613809,MEMORY,alloc,64,0x5dedc3264c40,64
485594614128,MEMORY,alloc,132,0x5dedc3264c90,132
485594614809,MEMORY,alloc,64,0x5dedc3264d20,64
485594615096,MEMORY,alloc,132,0x5dedc3264d70,132
485594615677,MEMORY,alloc,64,0x5dedc3264e00,64
485594615904,MEMORY,alloc,132,0x5dedc3264e50,132
485594616422,MEMORY,alloc,64,0x5dedc3264ee0,64
485594616705,MEMORY,alloc,132,0x5dedc3264f30,132
485594622241,MEMORY,alloc,64,0x5dedc3264fc0,64
485594622582,MEMORY,alloc,132,0x5dedc3265010,132
485594623353,MEMORY,alloc,64,0x5dedc32650a0,64
485594623613,MEMORY,alloc,132,0x5dedc32650f0,132
485594624281,MEMORY,alloc,64,0x5dedc3265180,64
485594624582,MEMORY,alloc,132,0x5dedc32651d0,132
485594625091,MEMORY,alloc,64,0x5dedc3265260,64
485594625363,MEMORY,alloc,132,0x5dedc32652b0,132
485594625833,MEMORY,alloc,64,0x5dedc3265340,64
485594626141,MEMORY,alloc,132,0x5dedc3265390,132
485594633791,MEMORY,free_unknown,0,0x5dedc3264910,0
485594637249,MEMORY,free_unknown,0,0x5dedc3264880,0
485594639715,MEMORY,free_unknown,0,0x5dedc32647f0,0
485594642024,MEMORY,free_unknown,0,0x5dedc3264760,0
485594644238,MEMORY,free_unknown,0,0x5dedc32646d0,0
485594646521,MEMORY,free_unknown,0,0x5dedc3264640,0
485594648784,MEMORY,free_unknown,0,0x5dedc32645b0,0
485594651328,MEMORY,free_unknown,0,0x5dedc3264520,0
485594654383,MEMORY,free_unknown,0,0x5dedc3264490,0
485594656982,MEMORY,free_unknown,0,0x5dedc3264400,0
485594659502,MEMORY,free_unknown,0,0x5dedc3264370,0
485594661820,MEMORY,free_unknown,0,0x5dedc3216a40,0
485594662898,MEMORY,alloc,132,0x5dedc32645b0,132
485594663243,MEMORY,alloc,132,0x5dedc3264640,132
485594663490,MEMORY,alloc,132,0x5dedc32646d0,132
485594663752,MEMORY,alloc,132,0x5dedc3264760,132
485594663982,MEMORY,alloc,132,0x5dedc32647f0,132
485594664224,MEMORY,alloc,132,0x5dedc3264880,132
485594664478,MEMORY,alloc,132,0x5dedc3264910,132
485594665437,MEMORY,alloc,132,0x5dedc3216a40,132
485594666106,MEMORY,alloc,132,0x5dedc3264370,132
485594666571,MEMORY,alloc,132,0x5dedc3264400,132
485594666982,MEMORY,alloc,132,0x5dedc3264490,132
485594667376,MEMORY,alloc,132,0x5dedc3264520,132
485594667898,MEMORY,alloc,132,0x5dedc3265420,132
485594668272,MEMORY,alloc,132,0x5dedc32654b0,132
485594668654,MEMORY,alloc,132,0x5dedc3265540,132
485594668980,MEMORY,alloc,132,0x5dedc32655d0,132
485594669515,MEMORY,alloc,64,0x5dedc3265660,64
485594669779,MEMORY,alloc,132,0x5dedc32656b0,132
485594670301,MEMORY,alloc,64,0x5dedc3265740,64
485594670579,MEMORY,alloc,132,0x5dedc3265790,132
485594671058,MEMORY,alloc,64,0x5dedc3265820,64
485594671335,MEMORY,alloc,132,0x5dedc3265870,132
485594672121,MEMORY,alloc,64,0x5dedc3265900,64
485594672404,MEMORY,alloc,132,0x5dedc3265950,132
485594673031,MEMORY,alloc,64,0x5dedc32659e0,64
485594673285,MEMORY,alloc,132,0x5dedc3265a30,132
485594673819,MEMORY,alloc,64,0x5dedc3265ac0,64
485594674004,MEMORY,alloc,132,0x5dedc3265b10,132
485594674426,MEMORY,alloc,64,0x5dedc3265ba0,64
485594674648,MEMORY,alloc,132,0x5dedc3265bf0,132
485594675028,MEMORY,alloc,64,0x5dedc3265c80,64
485594675228,MEMORY,alloc,132,0x5dedc3265cd0,132
485594675908,MEMORY,alloc,64,0x5dedc3265d60,64
485594676181,MEMORY,alloc,132,0x5dedc3265db0,132
485594676790,MEMORY,alloc,64,0x5dedc3265e40,64
485594677080,MEMORY,alloc,132,0x5dedc3265e90,132
485594677534,MEMORY,alloc,64,0x5dedc3265f20,64
485594677831,MEMORY,alloc,132,0x5dedc3265f70,132
485594683819,MEMORY,alloc,64,0x5dedc3266000,64
485594684192,MEMORY,alloc,132,0x5dedc3266050,132
485594684853,MEMORY,alloc,64,0x5dedc32660e0,64
485594685112,MEMORY,alloc,132,0x5dedc3266130,132
485594685578,MEMORY,alloc,64,0x5dedc32661c0,64
485594685866,MEMORY,alloc,132,0x5dedc3266210,132
485594686453,MEMORY,alloc,64,0x5dedc32662a0,64
485594691230,MEMORY,alloc,132,0x5dedc32662f0,132
485594691751,MEMORY,alloc,64,0x5dedc3266380,64
485594692033,MEMORY,alloc,132,0x5dedc32663d0,132
485594695241,MEMORY,free_unknown,0,0x5dedc32655d0,0
485594697947,MEMORY,free_unknown,0,0x5dedc3265540,0
485594700405,MEMORY,free_unknown,0,0x5dedc32654b0,0
485594702866,MEMORY,free_unknown,0,0x5dedc3265420,0
485594705394,MEMORY,free_unknown,0,0x5dedc3264520,0
485594707762,MEMORY,free_unknown,0,0x5dedc3264490,0
485594710104,MEMORY,free_unknown,0,0x5dedc3264400,0
485594712621,MEMORY,free_unknown,0,0x5dedc3264370,0
485594715074,MEMORY,free_unknown,0,0x5dedc3216a40,0
485594717550,MEMORY,free_unknown,0,0x5dedc3264910,0
485594720060,MEMORY,free_unknown,0,0x5dedc3264880,0
485594722443,MEMORY,free_unknown,0,0x5dedc32647f0,0
485594724982,MEMORY,free_unknown,0,0x5dedc3264760,0
485594727393,MEMORY,free_unknown,0,0x5dedc32646d0,0
485594729836,MEMORY,free_unknown,0,0x5dedc3264640,0
485594732261,MEMORY,free_unknown,0,0x5dedc32645b0,0
485594736240,MEMORY,alloc,23,0x5dedc3264370,23
485594740125,MEMORY,alloc,40,0x5dedc3264390,40
485594741774,MEMORY,alloc,72,0x5dedc3216a40,72
485594743151,MEMORY,alloc,72,0x5dedc32645b0,72
485594743935,MEMORY,alloc,72,0x5dedc3264600,72
485594744680,MEMORY,alloc,72,0x5dedc3264650,72
485594745146,MEMORY,alloc,72,0x5dedc32646a0,72
485594745581,MEMORY,alloc,72,0x5dedc32646f0,72
485594746185,MEMORY,alloc,72,0x5dedc3264740,72
485594746681,MEMORY,alloc,72,0x5dedc3264790,72
485594747560,MEMORY,alloc,72,0x5dedc32647e0,72
485594748018,MEMORY,alloc,72,0x5dedc3264830,72
485594748500,MEMORY,alloc,72,0x5dedc3264880,72
485594749829,MEMORY,alloc,72,0x5dedc32648d0,72
485594750458,MEMORY,alloc,72,0x5dedc3264920,72
485594751607,MEMORY,alloc,72,0x5dedc3266880,72
485594752151,MEMORY,alloc,72,0x5dedc32668d0,72
485594752552,MEMORY,alloc,72,0x5dedc3266920,72
485594753009,MEMORY,alloc,72,0x5dedc3266970,72
485594753431,MEMORY,alloc,72,0x5dedc32669c0,72
485594753840,MEMORY,alloc,72,0x5dedc3266a10,72
485594754500,MEMORY,alloc,72,0x5dedc3266a60,72
485594754940,MEMORY,alloc,72,0x5dedc3266ab0,72
485594755429,MEMORY,alloc,72,0x5dedc3266b00,72
485594756529,MEMORY,alloc,72,0x5dedc3266b50,72
485594757184,MEMORY,alloc,72,0x5dedc3266ba0,72
485594757652,MEMORY,alloc,72,0x5dedc3266bf0,72
485594758094,MEMORY,alloc,72,0x5dedc3266c40,72
485594758484,MEMORY,alloc,72,0x5dedc3266c90,72
485594758906,MEMORY,alloc,72,0x5dedc3266ce0,72
485594759318,MEMORY,alloc,72,0x5dedc3266d30,72
485594759666,MEMORY,alloc,72,0x5dedc3266d80,72
485594760468,MEMORY,alloc,72,0x5dedc3266dd0,72
485594761168,MEMORY,alloc,72,0x5dedc3266e20,72
485594762222,MEMORY,alloc,72,0x5dedc3266e70,72
485594762635,MEMORY,alloc,72,0x5dedc3266ec0,72
485594763031,MEMORY,alloc,72,0x5dedc3266f10,72
485594763510,MEMORY,alloc,72,0x5dedc3266f60,72
485594763898,MEMORY,alloc,72,0x5dedc3266fb0,72
485594770013,MEMORY,alloc,72,0x5dedc3267000,72
485594770638,MEMORY,alloc,72,0x5dedc3267050,72
485594771112,MEMORY,alloc,72,0x5dedc32670a0,72
485594771814,MEMORY,alloc,72,0x5dedc32670f0,72
485594772467,MEMORY,alloc,72,0x5dedc3267140,72
485594774744,MEMORY,alloc,29,0x5dedc3264970,29
485598057066,MEMORY,alloc,28,0x5dedc32643c0,28
485598059857,MEMORY,alloc,20,0x5dedc3216a90,20
485598061377,MEMORY,alloc,21,0x5dedc3216ab0,21
485598062327,MEMORY,alloc,21,0x5dedc3267190,21
485598063056,MEMORY,alloc,21,0x5dedc32671b0,21
485598063914,MEMORY,alloc,21,0x5dedc32671d0,21
485598064673,MEMORY,alloc,21,0x5dedc32671f0,21
485598065418,MEMORY,alloc,21,0x5dedc3267210,21
485598066340,MEMORY,alloc,22,0x5dedc3267230,22
485598066937,MEMORY,alloc,21,0x5dedc3267250,21
485598067636,MEMORY,alloc,21,0x5dedc3267270,21
485598071332,MEMORY,alloc,21,0x5dedc3267290,21
485598081420,MEMORY,alloc,24,0x5dedc32672b0,24
485598082732,MEMORY,alloc,29,0x5dedc32672d0,29
485598084181,MEMORY,alloc,23,0x5dedc3267300,23
485598085926,MEMORY,alloc,39,0x5dedc3267320,39
485598098201,MEMORY,alloc,45,0x5dedc3267350,45
485598099434,MEMORY,alloc,47,0x5dedc3267390,47
485598412414,MEMORY,alloc,41,0x5dedc32673d0,41
485598415089,MEMORY,alloc,47,0x5dedc3267410,47
485598416446,MEMORY,alloc,44,0x5dedc3267450,44
485598715295,MEMORY,alloc,51,0x5dedc3267490,51
485598727081,MEMORY,alloc,57,0x5dedc32674d0,57
485598728657,MEMORY,alloc,42,0x5dedc3267520,42
485598730056,MEMORY,alloc,47,0x5dedc3267560,47
485598732764,MEMORY,alloc,46,0x5dedc32679c0,46
485598733831,MEMORY,alloc,48,0x5dedc3267a00,48
485598745414,MEMORY,alloc,38,0x5dedc3267a40,38
485598751707,MEMORY,alloc,40,0x5dedc3267a70,40
485599042283,MEMORY,alloc,38,0x5dedc3267aa0,38
485599044508,MEMORY,alloc,39,0x5dedc3267ad0,39
485599045934,MEMORY,alloc,41,0x5dedc3267b00,41
485599046989,MEMORY,alloc,42,0x5dedc3267b40,42
485599048012,MEMORY,alloc,35,0x5dedc3267b80,35
485599051096,MEMORY,alloc,37,0x5dedc3267bb0,37
485599459835,MEMORY,alloc,32,0x5dedc3267be0,32
485599468236,MEMORY,alloc,30,0x5dedc3267c10,30
485599746904,MEMORY,alloc,33,0x5dedc3267c40,33
485599748806,MEMORY,alloc,26,0x5dedc3267c70,26
485599749952,MEMORY,alloc,34,0x5dedc3267ca0,34
485599750954,MEMORY,alloc,40,0x5dedc3267cd0,40
485599751779,MEMORY,alloc,23,0x5dedc3267d00,23
485599753421,MEMORY,alloc,25,0x5dedc3267d20,25
485599754623,MEMORY,alloc,40,0x5dedc3267d50,40
485599755641,MEMORY,alloc,29,0x5dedc3267d80,29
485599765728,MEMORY,alloc,30,0x5dedc3267db0,30
485599766883,MEMORY,alloc,31,0x5dedc3267de0,31
485599768845,MEMORY,alloc,32,0x5dedc3267e10,32
485600070352,MEMORY,alloc,41,0x5dedc3267e40,41
485600073152,MEMORY,alloc,37,0x5dedc3267e80,37
485600074388,MEMORY,alloc,42,0x5dedc3267eb0,42
485600085923,MEMORY,alloc,24,0x5dedc3267ef0,24
485600095865,MEMORY,alloc,32,0x5dedc3267f10,32
485600379525,MEMORY,alloc,32,0x5dedc3267f40,32
485600392057,MEMORY,alloc,34,0x5dedc3268390,34
485600393329,MEMORY,alloc,35,0x5dedc32683c0,35
485600404940,MEMORY,alloc,34,0x5dedc32683f0,34
485600406515,MEMORY,alloc,52,0x5dedc3268420,52
485600407668,MEMORY,alloc,53,0x5dedc3268460,53
485600408870,MEMORY,alloc,32,0x5dedc32684a0,32
485600410543,MEMORY,alloc,35,0x5dedc32684d0,35
485600411770,MEMORY,alloc,36,0x5dedc3268500,36
485601164998,MEMORY,alloc,31,0x5dedc3268530,31
485601167802,MEMORY,alloc,45,0x5dedc3268560,45
485601180108,MEMORY,alloc,36,0x5dedc32685a0,36
485601181664,MEMORY,alloc,43,0x5dedc32685d0,43
485601182745,MEMORY,alloc,37,0x5dedc3268610,37
485601183718,MEMORY,alloc,34,0x5dedc3268640,34
485601184760,MEMORY,alloc,37,0x5dedc3268670,37
485601465537,MEMORY,alloc,41,0x5dedc32686a0,41
485601467591,MEMORY,alloc,42,0x5dedc32686e0,42
485601468687,MEMORY,alloc,53,0x5dedc3268720,53
485601469952,MEMORY,alloc,36,0x5dedc3268760,36
485601470727,MEMORY,alloc,28,0x5dedc3268790,28
485601481176,MEMORY,alloc,30,0x5dedc3268cc0,30
485601482731,MEMORY,alloc,35,0x5dedc3268cf0,35
485601483592,MEMORY,alloc,37,0x5dedc3268d20,37
485601484504,MEMORY,alloc,38,0x5dedc3268d50,38
485601485549,MEMORY,alloc,32,0x5dedc3268d80,32
485601486579,MEMORY,alloc,51,0x5dedc3268db0,51
485601487364,MEMORY,alloc,44,0x5dedc3268df0,44
485601488710,MEMORY,alloc,37,0x5dedc3268e30,37
485601490042,MEMORY,alloc,44,0x5dedc3268e60,44
485601859208,MEMORY,alloc,38,0x5dedc3268ea0,38
485601861832,MEMORY,alloc,43,0x5dedc3268ed0,43
485601863230,MEMORY,alloc,49,0x5dedc3268f10,49
485601873677,MEMORY,alloc,45,0x5dedc3269370,45
485601875055,MEMORY,alloc,41,0x5dedc32693b0,41
485601880385,MEMORY,alloc,36,0x5dedc32693f0,36
485601881171,MEMORY,alloc,36,0x5dedc3269420,36
485601881908,MEMORY,alloc,41,0x5dedc3269450,41
485601883082,MEMORY,alloc,43,0x5dedc3269490,43
485601883846,MEMORY,alloc,46,0x5dedc32694d0,46
485601885048,MEMORY,alloc,44,0x5dedc3269510,44
485601886178,MEMORY,alloc,44,0x5dedc3269550,44
485601887262,MEMORY,alloc,37,0x5dedc3269590,37
485601888493,MEMORY,alloc,43,0x5dedc32695c0,43
485601889351,MEMORY,alloc,37,0x5dedc3269600,37
485601890368,MEMORY,alloc,38,0x5dedc3269630,38
485601891085,MEMORY,alloc,38,0x5dedc3269660,38
485601892123,MEMORY,alloc,41,0x5dedc3269690,41
485601908018,MEMORY,alloc,37,0x5dedc32696d0,37
485601909148,MEMORY,alloc,44,0x5dedc3269700,44
485601910040,MEMORY,alloc,45,0x5dedc3269740,45
485601911348,MEMORY,alloc,47,0x5dedc3269780,47
485601912279,MEMORY,alloc,41,0x5dedc32697c0,41
485601922964,MEMORY,alloc,42,0x5dedc3269800,42
485601928987,MEMORY,alloc,37,0x5dedc3269840,37
485601930331,MEMORY,alloc,43,0x5dedc3269870,43
485601931233,MEMORY,alloc,37,0x5dedc32698b0,37
485601932841,MEMORY,alloc,44,0x5dedc32698e0,44
485601941802,MEMORY,alloc,52,0x5dedc3269920,52
485601943270,MEMORY,alloc,45,0x5dedc3269960,45
485601943923,MEMORY,alloc,37,0x5dedc32699a0,37
485601946250,MEMORY,alloc,28,0x5dedc32699d0,28
485601952375,MEMORY,alloc,39,0x5dedc3269a00,39
485601956864,MEMORY,alloc,46,0x5dedc3269a30,46
485601959677,MEMORY,alloc,37,0x5dedc3269a70,37
485601960624,MEMORY,alloc,39,0x5dedc3269ec0,39
485601978567,MEMORY,alloc,46,0x5dedc3269ef0,46
485601983561,MEMORY,alloc,45,0x5dedc3269f30,45
485601984413,MEMORY,alloc,34,0x5dedc3269f70,34
485601990435,MEMORY,alloc,38,0x5dedc3269fa0,38
485601991471,MEMORY,alloc,39,0x5dedc3269fd0,39
485601997574,MEMORY,alloc,45,0x5dedc326a000,45
485601998921,MEMORY,alloc,29,0x5dedc326a040,29
485601999795,MEMORY,alloc,37,0x5dedc326a070,37
485602014932,MEMORY,alloc,34,0x5dedc326a0a0,34
485602435296,MEMORY,alloc,39,0x5dedc326a0d0,39
485602436626,MEMORY,alloc,35,0x5dedc326a100,35
485602437724,MEMORY,alloc,44,0x5dedc326a130,44
485602439242,MEMORY,alloc,52,0x5dedc326a170,52
485602440792,MEMORY,alloc,49,0x5dedc326a1b0,49
485603359641,MEMORY,alloc,40,0x5dedc326a1f0,40
485603360713,MEMORY,alloc,40,0x5dedc326a220,40
485603361216,MEMORY,alloc,40,0x5dedc326a250,40
485603361678,MEMORY,alloc,40,0x5dedc326a280,40
485603362138,MEMORY,alloc,40,0x5dedc326a2b0,40
485603362529,MEMORY,alloc,40,0x5dedc326a2e0,40
485603362933,MEMORY,alloc,40,0x5dedc326a310,40
485603363288,MEMORY,alloc,40,0x5dedc326a340,40
485603363699,MEMORY,alloc,40,0x5dedc326a370,40
485603363981,MEMORY,alloc,40,0x5dedc326a3a0,40
485603364377,MEMORY,alloc,40,0x5dedc326a3d0,40
485603364651,MEMORY,alloc,40,0x5dedc326a400,40
485603365062,MEMORY,alloc,40,0x5dedc326a430,40
485603368104,MEMORY,alloc,44,0x5dedc326a460,44
485603369700,MEMORY,alloc,40,0x5dedc326a4a0,40
485603370670,MEMORY,alloc,40,0x5dedc326a4d0,40
485603384119,MEMORY,alloc,53,0x5dedc326a500,53
485603385369,MEMORY,alloc,53,0x5dedc326a540,53
485603386592,MEMORY,alloc,65,0x5dedc326a580,65
485603387723,MEMORY,alloc,42,0x5dedc326a5d0,42
485603388965,MEMORY,alloc,48,0x5dedc326a610,48
485603399503,MEMORY,alloc,33,0x5dedc326a650,33
485603400760,MEMORY,alloc,43,0x5dedc326a680,43
485603401754,MEMORY,alloc,40,0x5dedc326a6c0,40
485603402937,MEMORY,alloc,44,0x5dedc326a6f0,44
485604045094,MEMORY,alloc,33,0x5dedc326ab50,33
485604369684,MEMORY,alloc,40,0x5dedc326ab80,40
485604797370,MEMORY,alloc,40,0x5dedc326abb0,40
485605331854,MEMORY,alloc,50,0x5dedc326abe0,50
485605334025,MEMORY,alloc,36,0x5dedc326ac20,36
485605335450,MEMORY,alloc,52,0x5dedc326ac50,52
485605336704,MEMORY,alloc,45,0x5dedc326ac90,45
485605338048,MEMORY,alloc,49,0x5dedc326acd0,49
485605339253,MEMORY,alloc,39,0x5dedc326ad10,39
485605676798,MEMORY,alloc,31,0x5dedc326ad40,31
485605678619,MEMORY,alloc,33,0x5dedc326ad70,33
485605680164,MEMORY,alloc,38,0x5dedc326ada0,38
485605681533,MEMORY,alloc,35,0x5dedc326add0,35
485605682592,MEMORY,alloc,45,0x5dedc326ae00,45
485605683891,MEMORY,alloc,53,0x5dedc326ae40,53
485605697244,MEMORY,alloc,48,0x5dedc326ae80,48
485605698707,MEMORY,alloc,40,0x5dedc326aec0,40
485605708330,MEMORY,alloc,49,0x5dedc326aef0,49
485605709927,MEMORY,alloc,38,0x5dedc326af30,38
485605711089,MEMORY,alloc,38,0x5dedc326af60,38
485605712140,MEMORY,alloc,38,0x5dedc326af90,38
485605713384,MEMORY,alloc,41,0x5dedc326afc0,41
485605721401,MEMORY,alloc,35,0x5dedc326b000,35
485605722395,MEMORY,alloc,40,0x5dedc326b030,40
485606237449,MEMORY,alloc,63,0x5dedc326b060,63
485606239596,MEMORY,alloc,42,0x5dedc326b0b0,42
485606241262,MEMORY,alloc,55,0x5dedc326b0f0,55
485606242859,MEMORY,alloc,45,0x5dedc326b130,45
485606705498,MEMORY,alloc,36,0x5dedc326b170,36
485606707817,MEMORY,alloc,37,0x5dedc326b1a0,37
485606708990,MEMORY,alloc,45,0x5dedc326b1d0,45
485606710094,MEMORY,alloc,36,0x5dedc326b210,36
485606712217,MEMORY,alloc,45,0x5dedc326b660,45
485606713359,MEMORY,alloc,36,0x5dedc326b6a0,36
485607108995,MEMORY,alloc,40,0x5dedc326b6d0,40
485607112013,MEMORY,alloc,40,0x5dedc326b700,40
485607124223,MEMORY,alloc,33,0x5dedc326b730,33
485607125295,MEMORY,alloc,38,0x5dedc326b760,38
485607126404,MEMORY,alloc,40,0x5dedc326b790,40
485607127779,MEMORY,alloc,36,0x5dedc326b7c0,36
485607596377,MEMORY,alloc,37,0x5dedc326b7f0,37
485607609679,MEMORY,alloc,40,0x5dedc326b820,40
485607611549,MEMORY,alloc,47,0x5dedc326b850,47
485607612678,MEMORY,alloc,31,0x5dedc326b890,31
485607613751,MEMORY,alloc,34,0x5dedc326b8c0,34
485607615030,MEMORY,alloc,43,0x5dedc326b8f0,43
485609049007,MEMORY,alloc,27,0x5dedc326b930,27
485609051353,MEMORY,alloc,30,0x5dedc326b960,30
485609052180,MEMORY,alloc,33,0x5dedc326b990,33
485609053937,MEMORY,alloc,49,0x5dedc326b9c0,49
485609055002,MEMORY,alloc,44,0x5dedc326ba00,44
485609068980,MEMORY,alloc,48,0x5dedc326ba40,48
485609070489,MEMORY,alloc,46,0x5dedc326ba80,46
485609072031,MEMORY,alloc,32,0x5dedc326bac0,32
485609072991,MEMORY,alloc,37,0x5dedc326baf0,37
485609074292,MEMORY,alloc,35,0x5dedc326bb20,35
485609394923,MEMORY,alloc,58,0x5dedc326bb50,58
485609397231,MEMORY,alloc,42,0x5dedc326bba0,42
485609398171,MEMORY,alloc,33,0x5dedc326bbe0,33
485609719885,MEMORY,alloc,51,0x5dedc326bc10,51
485609721579,MEMORY,alloc,40,0x5dedc326bc50,40
485609722704,MEMORY,alloc,34,0x5dedc326bc80,34
485609737466,MEMORY,alloc,41,0x5dedc326c0d0,41
485610262744,MEMORY,alloc,31,0x5dedc326c110,31
485610265190,MEMORY,alloc,34,0x5dedc326c140,34
485610830619,MEMORY,alloc,34,0x5dedc326c170,34
485611251316,MEMORY,alloc,38,0x5dedc326c1a0,38
485611253182,MEMORY,alloc,40,0x5dedc326c1d0,40
485611254542,MEMORY,alloc,46,0x5dedc326c200,46
485611267440,MEMORY,alloc,47,0x5dedc326c240,47
485611268716,MEMORY,alloc,49,0x5dedc326c280,49
485611270212,MEMORY,alloc,40,0x5dedc326c2c0,40
485611783835,MEMORY,alloc,44,0x5dedc326c2f0,44
485611786082,MEMORY,alloc,43,0x5dedc326c330,43
485611786990,MEMORY,alloc,44,0x5dedc326c370,44
485611788118,MEMORY,alloc,64,0x5dedc326c3b0,64
485611789147,MEMORY,alloc,65,0x5dedc326c400,65
485611790058,MEMORY,alloc,42,0x5dedc326c450,42
485611791045,MEMORY,alloc,43,0x5dedc326c490,43
485611792513,MEMORY,alloc,43,0x5dedc326c4d0,43
485611793519,MEMORY,alloc,46,0x5dedc326c510,46
485611794810,MEMORY,alloc,29,0x5dedc326c550,29
485611830000,MEMORY,alloc,32,0x5dedc326c580,32
485612692902,MEMORY,alloc,38,0x5dedc326ca10,38
485613940237,MEMORY,alloc,34,0x5dedc326ca40,34
485613943107,MEMORY,alloc,44,0x5dedc326ca70,44
485613944099,MEMORY,alloc,47,0x5dedc326cab0,47
485613945359,MEMORY,alloc,32,0x5dedc326caf0,32
485613946426,MEMORY,alloc,38,0x5dedc326cb20,38
485613947686,MEMORY,alloc,41,0x5dedc326cb50,41
485613949023,MEMORY,alloc,50,0x5dedc326cb90,50
485613950458,MEMORY,alloc,44,0x5dedc326cbd0,44
485613962871,MEMORY,alloc,56,0x5dedc326d030,56
485613964100,MEMORY,alloc,39,0x5dedc326d070,39
485613965697,MEMORY,alloc,37,0x5dedc326d0a0,37
485613978280,MEMORY,alloc,30,0x5dedc326d0d0,30
485613979790,MEMORY,alloc,30,0x5dedc326d100,30
485613980908,MEMORY,alloc,37,0x5dedc326d130,37
485613983600,MEMORY,alloc,40,0x5dedc326d160,40
485613991405,MEMORY,alloc,39,0x5dedc326d190,39
485613992769,MEMORY,alloc,37,0x5dedc326d1c0,37
485613994147,MEMORY,alloc,36,0x5dedc326d1f0,36
485613995520,MEMORY,alloc,37,0x5dedc326d220,37
485613996439,MEMORY,alloc,28,0x5dedc326d250,28
485614359340,MEMORY,alloc,22,0x5dedc326d280,22
485614361548,MEMORY,alloc,42,0x5dedc326d2a0,42
485614373194,MEMORY,alloc,31,0x5dedc326d2e0,31
485614374833,MEMORY,alloc,32,0x5dedc326d310,32
485614376654,MEMORY,alloc,38,0x5dedc326d340,38
485614386425,MEMORY,alloc,29,0x5dedc326d370,29
485614388113,MEMORY,alloc,33,0x5dedc326d3a0,33
485614388915,MEMORY,alloc,29,0x5dedc326d3d0,29
485614389758,MEMORY,alloc,33,0x5dedc326d400,33
485614390738,MEMORY,alloc,29,0x5dedc326d430,29
485614391613,MEMORY,alloc,30,0x5dedc326d460,30
485614392707,MEMORY,alloc,27,0x5dedc326d490,27
485614393710,MEMORY,alloc,32,0x5dedc326d4c0,32
485614394493,MEMORY,alloc,26,0x5dedc326d4f0,26
485614395470,MEMORY,alloc,31,0x5dedc326d520,31
485614396329,MEMORY,alloc,31,0x5dedc326d550,31
485614403986,MEMORY,alloc,44,0x5dedc326d580,44
485614404812,MEMORY,alloc,36,0x5dedc326d5c0,36
485614405584,MEMORY,alloc,34,0x5dedc326d5f0,34
485614406686,MEMORY,alloc,39,0x5dedc326d620,39
485614408359,MEMORY,alloc,33,0x5dedc326da70,33
485614409326,MEMORY,alloc,38,0x5dedc326daa0,38
485614410267,MEMORY,alloc,36,0x5dedc326dad0,36
485614416604,MEMORY,alloc,38,0x5dedc326db00,38
485614417658,MEMORY,alloc,48,0x5dedc326db30,48
485615830210,MEMORY,alloc,80,0x5dedc326db70,80
485615833315,MEMORY,alloc,41,0x5dedc326dbd0,41
485615834121,MEMORY,alloc,8,0x5dedc326dc10,8
485616140319,MEMORY,alloc,80,0x5dedc326dc30,80
485616142153,MEMORY,alloc,24,0x5dedc326dc90,24
485616142761,MEMORY,alloc,16,0x5dedc326dcb0,16
485616153456,MEMORY,free_unknown,0,0x5dedc326dc10,0
485616376931,MEMORY,alloc,80,0x5dedc326dcd0,80
485616378396,MEMORY,alloc,30,0x5dedc326dd30,30
485616378949,MEMORY,alloc,32,0x5dedc326dd60,32
485616384179,MEMORY,free_unknown,0,0x5dedc326dcb0,0
485616537183,MEMORY,alloc,80,0x5dedc326dd90,80
485616538452,MEMORY,alloc,27,0x5dedc326ddf0,27
485616674827,MEMORY,alloc,80,0x5dedc326de20,80
485616675900,MEMORY,alloc,25,0x5dedc326de80,25
485616676388,MEMORY,alloc,64,0x5dedc326deb0,64
485616681185,MEMORY,free_unknown,0,0x5dedc326dd60,0
485617112782,MEMORY,alloc,80,0x5dedc326df00,80
485617114181,MEMORY,alloc,30,0x5dedc326dd60,30
485617223321,MEMORY,alloc,80,0x5dedc326df60,80
485617224273,MEMORY,alloc,30,0x5dedc326dfc0,30
485617321207,MEMORY,alloc,80,0x5dedc326dff0,80
485617322457,MEMORY,alloc,28,0x5dedc326e050,28
485617406677,MEMORY,alloc,80,0x5dedc326e080,80
485617407657,MEMORY,alloc,24,0x5dedc326dcb0,24
485617410308,MEMORY,alloc,128,0x5dedc3264400,128
485617414828,MEMORY,free_unknown,0,0x5dedc326deb0,0
485617489078,MEMORY,alloc,80,0x5dedc326e280,80
485617490084,MEMORY,alloc,27,0x5dedc326e2e0,27
485617563467,MEMORY,alloc,80,0x5dedc326e310,80
485617564377,MEMORY,alloc,28,0x5dedc326e370,28
485618277771,MEMORY,alloc,80,0x5dedc326e3a0,80
485618279231,MEMORY,alloc,22,0x5dedc326dc10,22
485618372127,MEMORY,alloc,80,0x5dedc326e400,80
485618373223,MEMORY,alloc,33,0x5dedc326e460,33
485618470534,MEMORY,alloc,80,0x5dedc326e490,80
485618471511,MEMORY,alloc,24,0x5dedc326e4f0,24
485618545668,MEMORY,alloc,80,0x5dedc326e510,80
485618546731,MEMORY,alloc,34,0x5dedc326e570,34
485618733219,MEMORY,alloc,80,0x5dedc326e5a0,80
485618734321,MEMORY,alloc,21,0x5dedc326e600,21
485618856243,MEMORY,alloc,80,0x5dedc326e620,80
485618857488,MEMORY,alloc,19,0x5dedc326e680,19
485618858056,MEMORY,alloc,256,0x5dedc326c7d0,256
485618864314,MEMORY,free_unknown,0,0x5dedc3264400,0
485618980091,MEMORY,alloc,80,0x5dedc326e6a0,80
485618981365,MEMORY,alloc,28,0x5dedc326e700,28
485619346218,MEMORY,alloc,80,0x5dedc326e730,80
485619347585,MEMORY,alloc,28,0x5dedc326e790,28
485619465383,MEMORY,alloc,80,0x5dedc326e7c0,80
485619469144,MEMORY,alloc,24,0x5dedc326e820,24
485620066080,MEMORY,alloc,80,0x5dedc326e840,80
485620067786,MEMORY,alloc,33,0x5dedc326e8a0,33
485620218360,MEMORY,alloc,80,0x5dedc326ebf0,80
485620219459,MEMORY,alloc,32,0x5dedc326ec50,32
485620342505,MEMORY,alloc,80,0x5dedc326ec80,80
485620345989,MEMORY,alloc,37,0x5dedc326ece0,37
485620462002,MEMORY,alloc,80,0x5dedc326ed10,80
485620463163,MEMORY,alloc,35,0x5dedc326ed70,35
485620562937,MEMORY,alloc,80,0x5dedc326eda0,80
485620564178,MEMORY,alloc,29,0x5dedc326ee00,29
485620661793,MEMORY,alloc,80,0x5dedc326ee30,80
485620662761,MEMORY,alloc,28,0x5dedc326ee90,28
485620760384,MEMORY,alloc,80,0x5dedc326eec0,80
485620761349,MEMORY,alloc,34,0x5dedc326ef20,34
485620860473,MEMORY,alloc,80,0x5dedc326ef50,80
485620861282,MEMORY,alloc,30,0x5dedc326efb0,30
485620981771,MEMORY,alloc,80,0x5dedc326efe0,80
485620982876,MEMORY,alloc,30,0x5dedc326f040,30
485621124697,MEMORY,alloc,80,0x5dedc326f070,80
485621125999,MEMORY,alloc,26,0x5dedc326f0d0,26
485621227482,MEMORY,alloc,80,0x5dedc326f100,80
485621228456,MEMORY,alloc,37,0x5dedc326f160,37
485621323900,MEMORY,alloc,80,0x5dedc326f190,80
485621325193,MEMORY,alloc,43,0x5dedc326f1f0,43
485621435533,MEMORY,alloc,80,0x5dedc326f230,80
485621445595,MEMORY,alloc,35,0x5dedc326f290,35
485621446384,MEMORY,alloc,512,0x5dedc3223390,512
485621452855,MEMORY,free_unknown,0,0x5dedc326c7d0,0
485621552253,MEMORY,alloc,80,0x5dedc326f2c0,80
485621553155,MEMORY,alloc,35,0x5dedc326f320,35
485621967475,MEMORY,alloc,80,0x5dedc326f350,80
485621968906,MEMORY,alloc,26,0x5dedc326f3b0,26
485622324016,MEMORY,alloc,80,0x5dedc326f3e0,80
485622326511,MEMORY,alloc,26,0x5dedc326f440,26
485622701812,MEMORY,alloc,80,0x5dedc326f470,80
485622703701,MEMORY,alloc,20,0x5dedc326f4d0,20
485622847181,MEMORY,alloc,80,0x5dedc326f4f0,80
485622848936,MEMORY,alloc,30,0x5dedc326f550,30
485622968949,MEMORY,alloc,80,0x5dedc326f580,80
485622971362,MEMORY,alloc,35,0x5dedc326f5e0,35
485623114504,MEMORY,alloc,80,0x5dedc326f610,80
485623116223,MEMORY,alloc,32,0x5dedc326f670,32
485623225071,MEMORY,alloc,80,0x5dedc326f6a0,80
485623227435,MEMORY,alloc,35,0x5dedc326f700,35
485623319026,MEMORY,alloc,80,0x5dedc326f730,80
485623319940,MEMORY,alloc,30,0x5dedc326f790,30
485623778525,MEMORY,alloc,80,0x5dedc326f7c0,80
485623780109,MEMORY,alloc,39,0x5dedc326f820,39
485623894954,MEMORY,alloc,80,0x5dedc326f850,80
485623906820,MEMORY,alloc,2048,0x5dedc326f8b0,2048
485623918594,MEMORY,free_unknown,0,0x5dedc32159e0,0
485623920378,MEMORY,alloc,29,0x5dedc32700c0,29
485624061200,MEMORY,alloc,80,0x5dedc32700f0,80
485624062429,MEMORY,alloc,29,0x5dedc3270150,29
485624184524,MEMORY,alloc,80,0x5dedc32707a0,80
485624185542,MEMORY,alloc,31,0x5dedc3270800,31
485624286348,MEMORY,alloc,80,0x5dedc3270830,80
485624287281,MEMORY,alloc,34,0x5dedc3270890,34
485624577611,MEMORY,alloc,80,0x5dedc32708c0,80
485624579045,MEMORY,alloc,41,0x5dedc3270920,41
485624674305,MEMORY,alloc,400,0x5dedc326e0e0,400
485624681178,MEMORY,alloc,34,0x5dedc3270960,34
485624683242,MEMORY,alloc,40,0x5dedc3270990,40
485624686314,MEMORY,alloc,40,0x5dedc32709c0,40
485624687182,MEMORY,alloc,40,0x5dedc32709f0,40
485624687832,MEMORY,alloc,44,0x5dedc3270a20,44
485624688515,MEMORY,alloc,42,0x5dedc3270a60,42
485624689248,MEMORY,alloc,41,0x5dedc3270aa0,41
485624689993,MEMORY,alloc,40,0x5dedc3270ae0,40
485624691531,MEMORY,alloc,44,0x5dedc3270b10,44
485624692234,MEMORY,alloc,36,0x5dedc3270b50,36
485624693147,MEMORY,alloc,29,0x5dedc3270b80,29
485624693889,MEMORY,alloc,40,0x5dedc3270bb0,40
485624694571,MEMORY,alloc,33,0x5dedc3270be0,33
485624695209,MEMORY,alloc,39,0x5dedc3270c10,39
485624695837,MEMORY,alloc,50,0x5dedc3270c40,50
485624696532,MEMORY,alloc,43,0x5dedc3270c80,43
485624697370,MEMORY,alloc,38,0x5dedc3270cc0,38
485624698078,MEMORY,alloc,56,0x5dedc3270cf0,56
485624699100,MEMORY,alloc,42,0x5dedc3270d30,42
485624699719,MEMORY,alloc,40,0x5dedc3270d70,40
485624700635,MEMORY,alloc,33,0x5dedc3270da0,33
485624701205,MEMORY,alloc,50,0x5dedc3270dd0,50
485624701879,MEMORY,alloc,31,0x5dedc3270e10,31
485624702627,MEMORY,alloc,38,0x5dedc3270e40,38
485624711525,MEMORY,alloc,43,0x5dedc3271290,43
485624712010,MEMORY,alloc,43,0x5dedc32712d0,43
485624712645,MEMORY,alloc,37,0x5dedc3271310,37
485624713729,MEMORY,alloc,37,0x5dedc3271340,37
485624714456,MEMORY,alloc,52,0x5dedc3271370,52
485624715020,MEMORY,alloc,44,0x5dedc32713b0,44
485624715701,MEMORY,alloc,43,0x5dedc32713f0,43
485624717364,MEMORY,alloc,45,0x5dedc3271430,45
485624718256,MEMORY,alloc,48,0x5dedc3271470,48
485624718953,MEMORY,alloc,51,0x5dedc32714b0,51
485624719583,MEMORY,alloc,50,0x5dedc32714f0,50
485624720251,MEMORY,alloc,58,0x5dedc326deb0,58
485624720843,MEMORY,alloc,50,0x5dedc3271530,50
485624721587,MEMORY,alloc,58,0x5dedc3271570,58
485624722273,MEMORY,alloc,59,0x5dedc32715c0,59
485624722948,MEMORY,alloc,67,0x5dedc3271610,67
485624724137,MEMORY,alloc,59,0x5dedc3271660,59
485624724822,MEMORY,alloc,67,0x5dedc32716b0,67
485624725418,MEMORY,alloc,54,0x5dedc3271700,54
485624725987,MEMORY,alloc,51,0x5dedc3271740,51
485624733481,MEMORY,alloc,45,0x5dedc3271780,45
485624734213,MEMORY,alloc,39,0x5dedc32717c0,39
485624734959,MEMORY,alloc,49,0x5dedc32717f0,49
485624736356,MEMORY,alloc,48,0x5dedc3271830,48
485624737639,MEMORY,alloc,49,0x5dedc3271870,49
485624742872,MEMORY,alloc,37,0x5dedc32718b0,37
485624743565,MEMORY,alloc,41,0x5dedc32718e0,41
485624744614,MEMORY,alloc,62,0x5dedc3271920,62
485624745425,MEMORY,alloc,43,0x5dedc3271970,43
485624746028,MEMORY,alloc,32,0x5dedc32719b0,32
485624746653,MEMORY,alloc,34,0x5dedc32719e0,34
485624747414,MEMORY,alloc,44,0x5dedc3271a10,44
485624749333,MEMORY,alloc,34,0x5dedc3271e70,34
485624749968,MEMORY,alloc,38,0x5dedc3271ea0,38
485624750669,MEMORY,alloc,48,0x5dedc3271ed0,48
485624751390,MEMORY,alloc,47,0x5dedc3271f10,47
485624751958,MEMORY,alloc,29,0x5dedc3271f50,29
485624752755,MEMORY,alloc,52,0x5dedc3271f80,52
485624753370,MEMORY,alloc,38,0x5dedc3271fc0,38
485624758452,MEMORY,alloc,41,0x5dedc3271ff0,41
485624759874,MEMORY,alloc,47,0x5dedc3272030,47
485624761369,MEMORY,alloc,44,0x5dedc3272070,44
485624764312,MEMORY,alloc,44,0x5dedc32720b0,44
485624765864,MEMORY,alloc,40,0x5dedc32720f0,40
485624767250,MEMORY,alloc,34,0x5dedc3272120,34
485624767736,MEMORY,alloc,36,0x5dedc3272150,36
485624769083,MEMORY,alloc,46,0x5dedc3272180,46
485624770306,MEMORY,alloc,41,0x5dedc32721c0,41
485624963214,MEMORY,alloc,38,0x5dedc3272200,38
485624963859,MEMORY,alloc,41,0x5dedc3272230,41
485624964524,MEMORY,alloc,39,0x5dedc3272270,39
485624965153,MEMORY,alloc,46,0x5dedc32722a0,46
485624966087,MEMORY,alloc,44,0x5dedc32722e0,44
485624967491,MEMORY,alloc,37,0x5dedc3272320,37
485624968225,MEMORY,alloc,41,0x5dedc3272350,41
485624968855,MEMORY,alloc,30,0x5dedc3272390,30
485624969761,MEMORY,alloc,48,0x5dedc32723c0,48
485624970491,MEMORY,alloc,42,0x5dedc3272400,42
485624971272,MEMORY,alloc,67,0x5dedc3272440,67
485624971910,MEMORY,alloc,38,0x5dedc3272490,38
485624972506,MEMORY,alloc,47,0x5dedc32724c0,47
485624973134,MEMORY,alloc,46,0x5dedc3272500,46
485624973633,MEMORY,alloc,41,0x5dedc3272540,41
485624975009,MEMORY,alloc,47,0x5dedc32729a0,47
485624976010,MEMORY,alloc,30,0x5dedc32729e0,30
485624976572,MEMORY,alloc,40,0x5dedc3272a10,40
485624977171,MEMORY,alloc,56,0x5dedc3272a40,56
485624983952,MEMORY,alloc,39,0x5dedc3272a80,39
485625228701,MEMORY,alloc,32,0x5dedc3272ab0,32
485625230299,MEMORY,alloc,31,0x5dedc3272ae0,31
485625231892,MEMORY,alloc,27,0x5dedc3272b10,27
485625232818,MEMORY,alloc,32,0x5dedc3272b40,32
485625233448,MEMORY,alloc,26,0x5dedc3272b70,26
485625234021,MEMORY,alloc,31,0x5dedc3272ba0,31
485625235580,MEMORY,alloc,31,0x5dedc3272bd0,31
485625236219,MEMORY,alloc,41,0x5dedc3272c00,41
485625236910,MEMORY,alloc,37,0x5dedc3272c40,37
485625237669,MEMORY,alloc,38,0x5dedc3272c70,38
485625238207,MEMORY,alloc,42,0x5dedc3272ca0,42
485625239071,MEMORY,alloc,37,0x5dedc3272ce0,37
485625240157,MEMORY,alloc,46,0x5dedc3272d10,46
485625242407,MEMORY,alloc,39,0x5dedc3272d50,39
485625243299,MEMORY,alloc,43,0x5dedc3272d80,43
485625244573,MEMORY,alloc,46,0x5dedc3272dc0,46
485625251531,MEMORY,alloc,33,0x5dedc3272e00,33
485625252274,MEMORY,alloc,37,0x5dedc3272e30,37
485625570624,MEMORY,alloc,49,0x5dedc3272e60,49
485625572829,MEMORY,alloc,42,0x5dedc3272ea0,42
485625574048,MEMORY,alloc,44,0x5dedc3272ee0,44
485625585787,MEMORY,alloc,40,0x5dedc3272f20,40
485625587123,MEMORY,alloc,45,0x5dedc3272f50,45
485625587943,MEMORY,alloc,51,0x5dedc3272f90,51
485625593290,MEMORY,alloc,57,0x5dedc3272fd0,57
485625928255,MEMORY,alloc,34,0x5dedc3273020,34
485625930941,MEMORY,alloc,34,0x5dedc3273050,34
485625933351,MEMORY,alloc,33,0x5dedc32734a0,33
485625934252,MEMORY,alloc,43,0x5dedc32734d0,43
485626944172,MEMORY,alloc,36,0x5dedc3273560,36
485626950354,MEMORY,alloc,47,0x5dedc3273590,47
485627862113,MEMORY,alloc,46,0x5dedc32735d0,46
485628299666,MEMORY,alloc,39,0x5dedc3273610,39
485628653228,MEMORY,alloc,43,0x5dedc3273640,43
485629619711,MEMORY,alloc,23,0x5dedc3273680,23
485629621876,MEMORY,alloc,36,0x5dedc32736a0,36
485630080253,MEMORY,alloc,25,0x5dedc32736d0,25
485630973801,MEMORY,alloc,32,0x5dedc3273700,32
485631685699,MEMORY,alloc,32,0x5dedc3273730,32
485631686259,MEMORY,alloc,32,0x5dedc3273760,32
485631686644,MEMORY,alloc,32,0x5dedc3273790,32
485631686974,MEMORY,alloc,32,0x5dedc32737c0,32
485631687267,MEMORY,alloc,32,0x5dedc32737f0,32
485631696376,MEMORY,alloc,32,0x5dedc3273820,32
485631696676,MEMORY,alloc,32,0x5dedc3273850,32
485631702742,MEMORY,alloc,32,0x5dedc3273880,32
485631709301,MEMORY,alloc,32,0x5dedc32738b0,32
485631709625,MEMORY,alloc,32,0x5dedc32738e0,32
485631709914,MEMORY,alloc,32,0x5dedc3273910,32
485631710330,MEMORY,alloc,32,0x5dedc3273940,32
485632030639,MEMORY,alloc,32,0x5dedc3273970,32
485632031383,MEMORY,alloc,32,0x5dedc32739a0,32
485632031705,MEMORY,alloc,32,0x5dedc32739d0,32
485632031949,MEMORY,alloc,32,0x5dedc3273a00,32
485632032221,MEMORY,alloc,32,0x5dedc3273a30,32
485632032501,MEMORY,alloc,32,0x5dedc3273a60,32
485632032744,MEMORY,alloc,32,0x5dedc3273a90,32
485632033026,MEMORY,alloc,32,0x5dedc3273ac0,32
485632033262,MEMORY,alloc,32,0x5dedc3273af0,32
485632033508,MEMORY,alloc,32,0x5dedc3273b20,32
485632033744,MEMORY,alloc,32,0x5dedc3273b50,32
485632034023,MEMORY,alloc,32,0x5dedc3273b80,32
485632034263,MEMORY,alloc,32,0x5dedc3273bb0,32
485632045379,MEMORY,free_unknown,0,0x5dedc3273940,0
485632047809,MEMORY,free_unknown,0,0x5dedc3273910,0
485632049599,MEMORY,free_unknown,0,0x5dedc32738e0,0
485632051412,MEMORY,free_unknown,0,0x5dedc32738b0,0
485632053173,MEMORY,free_unknown,0,0x5dedc3273880,0
485632054940,MEMORY,free_unknown,0,0x5dedc3273850,0
485632056693,MEMORY,free_unknown,0,0x5dedc3273820,0
485632058479,MEMORY,free_unknown,0,0x5dedc32737f0,0
485632060428,MEMORY,free_unknown,0,0x5dedc32737c0,0
485632062185,MEMORY,free_unknown,0,0x5dedc3273790,0
485632063982,MEMORY,free_unknown,0,0x5dedc3273760,0
485632065750,MEMORY,free_unknown,0,0x5dedc3273730,0
485632067579,MEMORY,free_unknown,0,0x5dedc3273700,0
485632068698,MEMORY,alloc,32,0x5dedc3273820,32
485632296797,MEMORY,alloc,19,0x5dedc3273be0,19
485632298273,MEMORY,alloc,32,0x5dedc3273850,32
485632298717,MEMORY,alloc,18,0x5dedc3273c00,18
485632298951,MEMORY,alloc,32,0x5dedc3273880,32
485632299139,MEMORY,alloc,17,0x5dedc3273c20,17
485632299860,MEMORY,alloc,84,0x5dedc3273c40,84
485632686199,MEMORY,alloc,84,0x5dedc3273ca0,84
485633054565,MEMORY,alloc,15,0x5dedc3273de0,15
485633055417,MEMORY,alloc,16,0x5dedc3273e00,16
485633055694,MEMORY,alloc,17,0x5dedc3273e20,17
485633055970,MEMORY,alloc,16,0x5dedc3273e40,16
485633056245,MEMORY,alloc,14,0x5dedc3273e60,14
485633056516,MEMORY,alloc,18,0x5dedc3273e80,18
485633056789,MEMORY,alloc,13,0x5dedc3273ea0,13
485633057161,MEMORY,alloc,20,0x5dedc3273ec0,20
485633057436,MEMORY,alloc,16,0x5dedc3273ee0,16
485633057695,MEMORY,alloc,17,0x5dedc3273f00,17
485633057995,MEMORY,alloc,14,0x5dedc3273f20,14
485633535444,MEMORY,alloc,17,0x5dedc3273f40,17
485633537027,MEMORY,alloc,84,0x5dedc3273f60,84
485633546507,MEMORY,alloc,84,0x5dedc3273fc0,84
485633547018,MEMORY,alloc,84,0x5dedc3274020,84
485633547418,MEMORY,alloc,84,0x5dedc3274080,84
485633547807,MEMORY,alloc,84,0x5dedc32740e0,84
485633549586,MEMORY,alloc,17,0x5dedc3274220,17
485633550056,MEMORY,alloc,15,0x5dedc3274240,15
485633795357,MEMORY,alloc,14,0x5dedc3274260,14
485633804216,MEMORY,alloc,14,0x5dedc3274280,14
485634096614,MEMORY,alloc,15,0x5dedc32742a0,15
485634097651,MEMORY,alloc,14,0x5dedc32742c0,14
485634098367,MEMORY,alloc,17,0x5dedc32742e0,17
485634098901,MEMORY,alloc,15,0x5dedc3274300,15
485634099313,MEMORY,alloc,13,0x5dedc3274320,13
485634100415,MEMORY,alloc,84,0x5dedc3274340,84
485634100761,MEMORY,alloc,84,0x5dedc32743a0,84
485634101057,MEMORY,alloc,84,0x5dedc3274400,84
485634101367,MEMORY,alloc,84,0x5dedc3274460,84
485634101661,MEMORY,alloc,84,0x5dedc32744c0,84
485634101954,MEMORY,alloc,84,0x5dedc3274520,84
485634104469,MEMORY,alloc,84,0x5dedc3273700,84
485634104926,MEMORY,alloc,84,0x5dedc3273760,84
485634113238,MEMORY,alloc,84,0x5dedc32737c0,84
485634113750,MEMORY,alloc,84,0x5dedc32749a0,84
485634348386,MEMORY,alloc,22,0x5dedc3274a00,22
485634351694,MEMORY,alloc,21,0x5dedc3274a20,21
485634352459,MEMORY,alloc,22,0x5dedc3274a40,22
485634355140,MEMORY,alloc,33,0x5dedc32738b0,33
485634357337,MEMORY,alloc,29,0x5dedc32738e0,29
485634359627,MEMORY,alloc,27,0x5dedc3273910,27
485634361499,MEMORY,alloc,32,0x5dedc3273940,32
485634380165,MEMORY,alloc,25,0x5dedc3274a60,25
485634388338,MEMORY,alloc,30,0x5dedc3274a90,30
485634389355,MEMORY,alloc,38,0x5dedc3274ac0,38
485634390133,MEMORY,alloc,39,0x5dedc3274af0,39
485634391008,MEMORY,alloc,39,0x5dedc3274b20,39
485634391704,MEMORY,alloc,47,0x5dedc3274b50,47
485634392314,MEMORY,alloc,43,0x5dedc3274b90,43
485634394206,MEMORY,alloc,33,0x5dedc3274bd0,33
485634395612,MEMORY,alloc,37,0x5dedc3274c00,37
485634396477,MEMORY,alloc,55,0x5dedc3274c30,55
485634408577,MEMORY,alloc,26,0x5dedc3274c70,26
485634411358,MEMORY,alloc,28,0x5dedc3274ca0,28
485634417935,MEMORY,alloc,31,0x5dedc3274cd0,31
485634419852,MEMORY,alloc,42,0x5dedc3274d00,42
485634421207,MEMORY,alloc,27,0x5dedc3274d40,27
485634423135,MEMORY,alloc,28,0x5dedc3274d70,28
485634426268,MEMORY,alloc,35,0x5dedc3274da0,35
485634426889,MEMORY,alloc,38,0x5dedc3274dd0,38
485634432382,MEMORY,alloc,29,0x5dedc3274e00,29
485634436241,MEMORY,alloc,26,0x5dedc3274e30,26
485634443975,MEMORY,alloc,26,0x5dedc3275280,26
485634444778,MEMORY,alloc,38,0x5dedc32752b0,38
485634445627,MEMORY,alloc,30,0x5dedc32752e0,30
485634446514,MEMORY,alloc,34,0x5dedc3275310,34
485634447893,MEMORY,alloc,40,0x5dedc3275340,40
485634457983,MEMORY,alloc,38,0x5dedc3275370,38
485634460261,MEMORY,alloc,37,0x5dedc32753a0,37
485634461215,MEMORY,alloc,25,0x5dedc32753d0,25
485634462229,MEMORY,alloc,29,0x5dedc3275400,29
485634463101,MEMORY,alloc,37,0x5dedc3275430,37
485634463957,MEMORY,alloc,49,0x5dedc3275460,49
485634465558,MEMORY,alloc,22,0x5dedc32754a0,22
485634467556,MEMORY,alloc,30,0x5dedc32754c0,30
485634468619,MEMORY,alloc,35,0x5dedc32754f0,35
485634469701,MEMORY,alloc,24,0x5dedc3275520,24
485634470441,MEMORY,alloc,36,0x5dedc3275540,36
485634471291,MEMORY,alloc,35,0x5dedc3275570,35
485634472233,MEMORY,alloc,40,0x5dedc32755a0,40
485634473130,MEMORY,alloc,42,0x5dedc32755d0,42
485634474005,MEMORY,alloc,30,0x5dedc3275610,30
485634474678,MEMORY,alloc,29,0x5dedc3275640,29
485634475491,MEMORY,alloc,28,0x5dedc3275670,28
485635310689,MEMORY,alloc,22,0x5dedc32756a0,22
485636266481,MEMORY,alloc,40,0x5dedc32756c0,40
485636267358,MEMORY,alloc,40,0x5dedc32756f0,40
485636267744,MEMORY,alloc,40,0x5dedc3275720,40
485636268125,MEMORY,alloc,40,0x5dedc3275750,40
485636268402,MEMORY,alloc,40,0x5dedc3275780,40
485636268661,MEMORY,alloc,40,0x5dedc32757b0,40
485636268889,MEMORY,alloc,40,0x5dedc32757e0,40
485636269119,MEMORY,alloc,40,0x5dedc3275810,40
485636269444,MEMORY,alloc,40,0x5dedc3275840,40
485636269644,MEMORY,alloc,40,0x5dedc3275870,40
485636269886,MEMORY,alloc,40,0x5dedc32758a0,40
485636270089,MEMORY,alloc,40,0x5dedc32758d0,40
485636270358,MEMORY,alloc,40,0x5dedc3275900,40
485636270561,MEMORY,alloc,40,0x5dedc3275930,40
485636270813,MEMORY,alloc,40,0x5dedc3275960,40
485636271014,MEMORY,alloc,40,0x5dedc3275990,40
485636271262,MEMORY,alloc,40,0x5dedc32759c0,40
485636271464,MEMORY,alloc,40,0x5dedc32759f0,40
485636271760,MEMORY,alloc,40,0x5dedc3275a20,40
485636271959,MEMORY,alloc,40,0x5dedc3275a50,40
485636272235,MEMORY,alloc,40,0x5dedc3275a80,40
485636272438,MEMORY,alloc,40,0x5dedc3275ab0,40
485636272710,MEMORY,alloc,40,0x5dedc3275ae0,40
485636272905,MEMORY,alloc,40,0x5dedc3275b10,40
485636273155,MEMORY,alloc,40,0x5dedc3275b40,40
485636273352,MEMORY,alloc,40,0x5dedc3275b70,40
485636273646,MEMORY,alloc,40,0x5dedc3275ba0,40
485636273845,MEMORY,alloc,40,0x5dedc3275bd0,40
485636274092,MEMORY,alloc,40,0x5dedc3275c00,40
485636274289,MEMORY,alloc,40,0x5dedc3275c30,40
485636274564,MEMORY,alloc,40,0x5dedc3275c60,40
485636274764,MEMORY,alloc,40,0x5dedc3275c90,40
485636275012,MEMORY,alloc,40,0x5dedc3275cc0,40
485636275208,MEMORY,alloc,40,0x5dedc3275cf0,40
485636275491,MEMORY,alloc,40,0x5dedc3275d20,40
485636275689,MEMORY,alloc,40,0x5dedc3275d50,40
485636275932,MEMORY,alloc,40,0x5dedc3275d80,40
485636276131,MEMORY,alloc,40,0x5dedc3275db0,40
485636276463,MEMORY,alloc,40,0x5dedc3275de0,40
485636276663,MEMORY,alloc,40,0x5dedc3275e10,40
485636276905,MEMORY,alloc,40,0x5dedc3275e40,40
485636277105,MEMORY,alloc,40,0x5dedc3275e70,40
485636277381,MEMORY,alloc,40,0x5dedc3275ea0,40
485636285220,MEMORY,alloc,40,0x5dedc3275ed0,40
485636285550,MEMORY,alloc,40,0x5dedc3275f00,40
485636285740,MEMORY,alloc,40,0x5dedc3275f30,40
485636286038,MEMORY,alloc,40,0x5dedc3275f60,40
485636286223,MEMORY,alloc,40,0x5dedc3275f90,40
485636286500,MEMORY,alloc,40,0x5dedc3275fc0,40
485636289946,MEMORY,alloc,40,0x5dedc3275ff0,40
485636290361,MEMORY,alloc,40,0x5dedc3276020,40
485636290555,MEMORY,alloc,40,0x5dedc3276050,40
485636290806,MEMORY,alloc,40,0x5dedc3276080,40
485636291003,MEMORY,alloc,40,0x5dedc32760b0,40
485636291319,MEMORY,alloc,40,0x5dedc32760e0,40
485636291532,MEMORY,alloc,40,0x5dedc3276110,40
485636291776,MEMORY,alloc,40,0x5dedc3276140,40
485636292015,MEMORY,alloc,40,0x5dedc3276170,40
485636292298,MEMORY,alloc,40,0x5dedc32761a0,40
485636292488,MEMORY,alloc,40,0x5dedc32761d0,40
485636292738,MEMORY,alloc,40,0x5dedc3276200,40
485636292949,MEMORY,alloc,40,0x5dedc3276230,40
485636293241,MEMORY,alloc,40,0x5dedc3276260,40
485636293435,MEMORY,alloc,40,0x5dedc3276290,40
485636293687,MEMORY,alloc,40,0x5dedc32762c0,40
485636293886,MEMORY,alloc,40,0x5dedc32762f0,40
485636294167,MEMORY,alloc,40,0x5dedc3276320,40
485636294365,MEMORY,alloc,40,0x5dedc3276350,40
485636294613,MEMORY,alloc,40,0x5dedc3276380,40
485636294819,MEMORY,alloc,40,0x5dedc32763b0,40
485636295119,MEMORY,alloc,40,0x5dedc32763e0,40
485636295319,MEMORY,alloc,40,0x5dedc3276410,40
485636295574,MEMORY,alloc,40,0x5dedc3276440,40
485636295769,MEMORY,alloc,40,0x5dedc3276470,40
485636296047,MEMORY,alloc,40,0x5dedc32764a0,40
485636296246,MEMORY,alloc,40,0x5dedc32764d0,40
485636296494,MEMORY,alloc,40,0x5dedc3276500,40
485636296691,MEMORY,alloc,40,0x5dedc3276530,40
485636297053,MEMORY,alloc,40,0x5dedc3276560,40
485636297252,MEMORY,alloc,40,0x5dedc3276590,40
485636297499,MEMORY,alloc,40,0x5dedc32765c0,40
485636297712,MEMORY,alloc,40,0x5dedc32765f0,40
485636297988,MEMORY,alloc,40,0x5dedc3276620,40
485636298185,MEMORY,alloc,40,0x5dedc3276650,40
485636298427,MEMORY,alloc,40,0x5dedc3276680,40
485636298627,MEMORY,alloc,40,0x5dedc32766b0,40
485636298937,MEMORY,alloc,40,0x5dedc32766e0,40
485636299133,MEMORY,alloc,40,0x5dedc3276710,40
485636299381,MEMORY,alloc,40,0x5dedc3276740,40
485636299579,MEMORY,alloc,40,0x5dedc3276770,40
485636299855,MEMORY,alloc,40,0x5dedc32767a0,40
485636300055,MEMORY,alloc,40,0x5dedc32767d0,40
485636300297,MEMORY,alloc,40,0x5dedc3276800,40
485636300497,MEMORY,alloc,40,0x5dedc3276830,40
485636300837,MEMORY,alloc,40,0x5dedc3276860,40
485636301033,MEMORY,alloc,40,0x5dedc3276890,40
485636301280,MEMORY,alloc,40,0x5dedc32768c0,40
485636301477,MEMORY,alloc,40,0x5dedc32768f0,40
485636301764,MEMORY,alloc,40,0x5dedc3276920,40
485636301959,MEMORY,alloc,40,0x5dedc3276950,40
485636302202,MEMORY,alloc,40,0x5dedc3276980,40
485636302399,MEMORY,alloc,40,0x5dedc32769b0,40
485636302677,MEMORY,alloc,40,0x5dedc32769e0,40
485636302874,MEMORY,alloc,40,0x5dedc3276a10,40
485636303118,MEMORY,alloc,40,0x5dedc3276a40,40
485636303318,MEMORY,alloc,40,0x5dedc3276a70,40
485636303597,MEMORY,alloc,40,0x5dedc3276aa0,40
485636303792,MEMORY,alloc,40,0x5dedc3276ad0,40
485636304037,MEMORY,alloc,40,0x5dedc3276b00,40
485636304236,MEMORY,alloc,40,0x5dedc3276b30,40
485636304598,MEMORY,alloc,40,0x5dedc3276b60,40
485636304792,MEMORY,alloc,40,0x5dedc3276b90,40
485636305037,MEMORY,alloc,40,0x5dedc3276bc0,40
485636305236,MEMORY,alloc,40,0x5dedc3276bf0,40
485636305513,MEMORY,alloc,40,0x5dedc3276c20,40
485636305729,MEMORY,alloc,40,0x5dedc3276c50,40
485636305962,MEMORY,alloc,40,0x5dedc3276c80,40
485636306189,MEMORY,alloc,40,0x5dedc3276cb0,40
485636306498,MEMORY,alloc,40,0x5dedc3276ce0,40
485636306693,MEMORY,alloc,40,0x5dedc3276d10,40
485636306935,MEMORY,alloc,40,0x5dedc3276d40,40
485636307147,MEMORY,alloc,40,0x5dedc3276d70,40
485636307435,MEMORY,alloc,40,0x5dedc3276da0,40
485636307630,MEMORY,alloc,40,0x5dedc3276dd0,40
485636307874,MEMORY,alloc,40,0x5dedc3276e00,40
485636308069,MEMORY,alloc,40,0x5dedc3276e30,40
485636308385,MEMORY,alloc,40,0x5dedc3276e60,40
485636308585,MEMORY,alloc,40,0x5dedc3276e90,40
485636308832,MEMORY,alloc,40,0x5dedc3276ec0,40
485636312245,MEMORY,alloc,40,0x5dedc3276ef0,40
485636312533,MEMORY,alloc,40,0x5dedc3276f20,40
485636312730,MEMORY,alloc,40,0x5dedc3276f50,40
485636312946,MEMORY,alloc,40,0x5dedc3276f80,40
485636313143,MEMORY,alloc,40,0x5dedc3276fb0,40
485636316371,MEMORY,alloc,40,0x5dedc3276fe0,40
485636316639,MEMORY,alloc,40,0x5dedc3277010,40
485636316906,MEMORY,alloc,40,0x5dedc3277040,40
485636317094,MEMORY,alloc,40,0x5dedc3277070,40
485636317375,MEMORY,alloc,40,0x5dedc32770a0,40
485636317567,MEMORY,alloc,40,0x5dedc32770d0,40
485636317771,MEMORY,alloc,40,0x5dedc3277100,40
485636317987,MEMORY,alloc,40,0x5dedc3277130,40
485636318370,MEMORY,alloc,40,0x5dedc3277160,40
485636318562,MEMORY,alloc,40,0x5dedc3277190,40
485636318763,MEMORY,alloc,40,0x5dedc32771c0,40
485636318957,MEMORY,alloc,40,0x5dedc32771f0,40
485636319263,MEMORY,alloc,40,0x5dedc3277220,40
485636319460,MEMORY,alloc,40,0x5dedc3277250,40
485636319672,MEMORY,alloc,40,0x5dedc3277280,40
485636319873,MEMORY,alloc,40,0x5dedc32772b0,40
485636320185,MEMORY,alloc,40,0x5dedc32772e0,40
485636320379,MEMORY,alloc,40,0x5dedc3277310,40
485636320591,MEMORY,alloc,40,0x5dedc3277340,40
485636320790,MEMORY,alloc,40,0x5dedc3277370,40
485636321067,MEMORY,alloc,40,0x5dedc32773a0,40
485636321270,MEMORY,alloc,40,0x5dedc32773d0,40
485636321490,MEMORY,alloc,40,0x5dedc3277400,40
485636321699,MEMORY,alloc,40,0x5dedc3277430,40
485636322083,MEMORY,alloc,40,0x5dedc3277460,40
485636322282,MEMORY,alloc,40,0x5dedc3277490,40
485636322528,MEMORY,alloc,40,0x5dedc32774c0,40
485636322726,MEMORY,alloc,40,0x5dedc32774f0,40
485636322958,MEMORY,alloc,40,0x5dedc3277520,40
485636323154,MEMORY,alloc,40,0x5dedc3277550,40
485636323396,MEMORY,alloc,40,0x5dedc3277580,40
485636323601,MEMORY,alloc,40,0x5dedc32775b0,40
485636323904,MEMORY,alloc,40,0x5dedc32775e0,40
485636324101,MEMORY,alloc,40,0x5dedc3277610,40
485636326563,MEMORY,alloc,22,0x5dedc3277640,22
485636327672,MEMORY,alloc,40,0x5dedc3277660,40
485636327927,MEMORY,alloc,40,0x5dedc3277690,40
485636328143,MEMORY,alloc,40,0x5dedc32776c0,40
485636328360,MEMORY,alloc,40,0x5dedc32776f0,40
485636328597,MEMORY,alloc,40,0x5dedc3277720,40
485636328799,MEMORY,alloc,40,0x5dedc3277750,40
485636329032,MEMORY,alloc,40,0x5dedc3277780,40
485636329229,MEMORY,alloc,40,0x5dedc32777b0,40
485636329495,MEMORY,alloc,40,0x5dedc32777e0,40
485636329690,MEMORY,alloc,40,0x5dedc3277810,40
485636329948,MEMORY,alloc,40,0x5dedc3277840,40
485636330139,MEMORY,alloc,40,0x5dedc3277870,40
485636330384,MEMORY,alloc,40,0x5dedc32778a0,40
485636330594,MEMORY,alloc,40,0x5dedc32778d0,40
485636330859,MEMORY,alloc,40,0x5dedc3277900,40
485636331059,MEMORY,alloc,40,0x5dedc3277930,40
485636331302,MEMORY,alloc,40,0x5dedc3277960,40
485636331518,MEMORY,alloc,40,0x5dedc3277990,40
485636331791,MEMORY,alloc,40,0x5dedc32779c0,40
485636331987,MEMORY,alloc,40,0x5dedc32779f0,40
485636332231,MEMORY,alloc,40,0x5dedc3277a20,40
485636332430,MEMORY,alloc,40,0x5dedc3277a50,40
485636332719,MEMORY,alloc,40,0x5dedc3277a80,40
485636333038,MEMORY,alloc,40,0x5dedc3277ab0,40
485636333282,MEMORY,alloc,40,0x5dedc3277ae0,40
485636333476,MEMORY,alloc,40,0x5dedc3277b10,40
485636333730,MEMORY,alloc,40,0x5dedc3277b40,40
485636333927,MEMORY,alloc,40,0x5dedc3277b70,40
485636334176,MEMORY,alloc,40,0x5dedc3277ba0,40
485636334370,MEMORY,alloc,40,0x5dedc3277bd0,40
485636334663,MEMORY,alloc,40,0x5dedc3277c00,40
485636334864,MEMORY,alloc,40,0x5dedc3277c30,40
485636335112,MEMORY,alloc,40,0x5dedc3277c60,40
485636335311,MEMORY,alloc,40,0x5dedc3277c90,40
485636335562,MEMORY,alloc,40,0x5dedc3277cc0,40
485636335762,MEMORY,alloc,40,0x5dedc3277cf0,40
485636336010,MEMORY,alloc,40,0x5dedc3277d20,40
485636336201,MEMORY,alloc,40,0x5dedc3277d50,40
485636336534,MEMORY,alloc,40,0x5dedc3277d80,40
485636336734,MEMORY,alloc,40,0x5dedc3277db0,40
485636336981,MEMORY,alloc,40,0x5dedc3277de0,40
485636337179,MEMORY,alloc,40,0x5dedc3277e10,40
485636337461,MEMORY,alloc,40,0x5dedc3277e40,40
485636337651,MEMORY,alloc,40,0x5dedc3277e70,40
485636337896,MEMORY,alloc,40,0x5dedc3277ea0,40
485636341134,MEMORY,alloc,40,0x5dedc3277ed0,40
485636341434,MEMORY,alloc,40,0x5dedc3277f00,40
485636341645,MEMORY,alloc,40,0x5dedc3277f30,40
485636341854,MEMORY,alloc,40,0x5dedc3277f60,40
485636342051,MEMORY,alloc,40,0x5dedc3277f90,40
485636342328,MEMORY,alloc,40,0x5dedc3277fc0,40
485636354142,MEMORY,alloc,40,0x5dedc3277ff0,40
485636354561,MEMORY,alloc,40,0x5dedc3278020,40
485636354767,MEMORY,alloc,40,0x5dedc3278050,40
485636355043,MEMORY,alloc,40,0x5dedc3278080,40
485636355231,MEMORY,alloc,40,0x5dedc32780b0,40
485636355468,MEMORY,alloc,40,0x5dedc32780e0,40
485636355670,MEMORY,alloc,40,0x5dedc3278110,40
485636355939,MEMORY,alloc,40,0x5dedc3278140,40
485636356131,MEMORY,alloc,40,0x5dedc3278170,40
485636356373,MEMORY,alloc,40,0x5dedc32781a0,40
485636356564,MEMORY,alloc,40,0x5dedc32781d0,40
485636356906,MEMORY,alloc,40,0x5dedc3278200,40
485636357106,MEMORY,alloc,40,0x5dedc3278230,40
485636357350,MEMORY,alloc,40,0x5dedc3278260,40
485636357548,MEMORY,alloc,40,0x5dedc3278290,40
485636357836,MEMORY,alloc,40,0x5dedc32782c0,40
485636358034,MEMORY,alloc,40,0x5dedc32782f0,40
485636358284,MEMORY,alloc,40,0x5dedc3278320,40
485636358477,MEMORY,alloc,40,0x5dedc3278350,40
485636358772,MEMORY,alloc,40,0x5dedc3278380,40
485636359009,MEMORY,alloc,40,0x5dedc32783b0,40
485636359256,MEMORY,alloc,40,0x5dedc32783e0,40
485636359467,MEMORY,alloc,40,0x5dedc3278410,40
485636359751,MEMORY,alloc,40,0x5dedc3278440,40
485636359950,MEMORY,alloc,40,0x5dedc3278470,40
485636360198,MEMORY,alloc,40,0x5dedc32784a0,40
485636360395,MEMORY,alloc,40,0x5dedc32784d0,40
485636360756,MEMORY,alloc,40,0x5dedc3278500,40
485636360954,MEMORY,alloc,40,0x5dedc3278530,40
485636361203,MEMORY,alloc,40,0x5dedc3278560,40
485636361400,MEMORY,alloc,40,0x5dedc3278590,40
485636361676,MEMORY,alloc,40,0x5dedc32785c0,40
485636361876,MEMORY,alloc,40,0x5dedc32785f0,40
485636362120,MEMORY,alloc,40,0x5dedc3278620,40
485636362320,MEMORY,alloc,40,0x5dedc3278650,40
485636362609,MEMORY,alloc,40,0x5dedc3278680,40
485636362808,MEMORY,alloc,40,0x5dedc32786b0,40
485636363055,MEMORY,alloc,40,0x5dedc32786e0,40
485636363255,MEMORY,alloc,40,0x5dedc3278710,40
485636363528,MEMORY,alloc,40,0x5dedc3278740,40
485636363720,MEMORY,alloc,40,0x5dedc3278770,40
485636363968,MEMORY,alloc,40,0x5dedc32787a0,40
485636364161,MEMORY,alloc,40,0x5dedc32787d0,40
485636364483,MEMORY,alloc,40,0x5dedc3278800,40
485636364683,MEMORY,alloc,40,0x5dedc3278830,40
485636364921,MEMORY,alloc,40,0x5dedc3278860,40
485636365116,MEMORY,alloc,40,0x5dedc3278890,40
485636365419,MEMORY,alloc,40,0x5dedc32788c0,40
485636365619,MEMORY,alloc,40,0x5dedc32788f0,40
485636365859,MEMORY,alloc,40,0x5dedc3278920,40
485636366058,MEMORY,alloc,40,0x5dedc3278950,40
485636366361,MEMORY,alloc,40,0x5dedc3278980,40
485636366558,MEMORY,alloc,40,0x5dedc32789b0,40
485636366808,MEMORY,alloc,40,0x5dedc32789e0,40
485636367008,MEMORY,alloc,40,0x5dedc3278a10,40
485636367286,MEMORY,alloc,40,0x5dedc3278a40,40
485636367489,MEMORY,alloc,40,0x5dedc3278a70,40
485636367738,MEMORY,alloc,40,0x5dedc3278aa0,40
485636367933,MEMORY,alloc,40,0x5dedc3278ad0,40
485636368296,MEMORY,alloc,40,0x5dedc3278b00,40
485636368494,MEMORY,alloc,40,0x5dedc3278b30,40
485636368741,MEMORY,alloc,40,0x5dedc3278b60,40
485636368936,MEMORY,alloc,40,0x5dedc3278b90,40
485636369217,MEMORY,alloc,40,0x5dedc3278bc0,40
485636369412,MEMORY,alloc,40,0x5dedc3278bf0,40
485636369656,MEMORY,alloc,40,0x5dedc3278c20,40
485636369855,MEMORY,alloc,40,0x5dedc3278c50,40
485636370164,MEMORY,alloc,40,0x5dedc3278c80,40
485636370364,MEMORY,alloc,40,0x5dedc3278cb0,40
485636370613,MEMORY,alloc,40,0x5dedc3278ce0,40
485636370808,MEMORY,alloc,40,0x5dedc3278d10,40
485636371080,MEMORY,alloc,40,0x5dedc3278d40,40
485636371275,MEMORY,alloc,40,0x5dedc3278d70,40
485636371539,MEMORY,alloc,40,0x5dedc3278da0,40
485636371738,MEMORY,alloc,40,0x5dedc3278dd0,40
485636372044,MEMORY,alloc,40,0x5dedc3278e00,40
485636372239,MEMORY,alloc,40,0x5dedc3278e30,40
485636372483,MEMORY,alloc,40,0x5dedc3278e60,40
485636372683,MEMORY,alloc,40,0x5dedc3278e90,40
485636376303,MEMORY,alloc,40,0x5dedc3278ec0,40
485636376541,MEMORY,alloc,40,0x5dedc3278ef0,40
485636376800,MEMORY,alloc,40,0x5dedc3278f20,40
485636376997,MEMORY,alloc,40,0x5dedc3278f50,40
485636377294,MEMORY,alloc,40,0x5dedc3278f80,40
485636377494,MEMORY,alloc,40,0x5dedc3278fb0,40
485636382039,MEMORY,alloc,40,0x5dedc3278fe0,40
485636382281,MEMORY,alloc,40,0x5dedc3279010,40
485636382563,MEMORY,alloc,40,0x5dedc3279040,40
485636382756,MEMORY,alloc,40,0x5dedc3279070,40
485636382970,MEMORY,alloc,40,0x5dedc32790a0,40
485636383163,MEMORY,alloc,40,0x5dedc32790d0,40
485636383581,MEMORY,alloc,40,0x5dedc3279100,40
485636383766,MEMORY,alloc,40,0x5dedc3279130,40
485636383967,MEMORY,alloc,40,0x5dedc3279160,40
485636384200,MEMORY,alloc,40,0x5dedc3279190,40
485636384477,MEMORY,alloc,40,0x5dedc32791c0,40
485636384676,MEMORY,alloc,40,0x5dedc32791f0,40
485636384887,MEMORY,alloc,40,0x5dedc3279220,40
485636385088,MEMORY,alloc,40,0x5dedc3279250,40
485636385400,MEMORY,alloc,40,0x5dedc3279280,40
485636385600,MEMORY,alloc,40,0x5dedc32792b0,40
485636385810,MEMORY,alloc,40,0x5dedc32792e0,40
485636386006,MEMORY,alloc,40,0x5dedc3279310,40
485636386286,MEMORY,alloc,40,0x5dedc3279340,40
485636386482,MEMORY,alloc,40,0x5dedc3279370,40
485636386741,MEMORY,alloc,40,0x5dedc32793a0,40
485636386978,MEMORY,alloc,40,0x5dedc32793d0,40
485636387411,MEMORY,alloc,40,0x5dedc3279400,40
485636387619,MEMORY,alloc,40,0x5dedc3279430,40
485636387833,MEMORY,alloc,40,0x5dedc3279460,40
485636388029,MEMORY,alloc,40,0x5dedc3279490,40
485636388301,MEMORY,alloc,40,0x5dedc32794c0,40
485636388500,MEMORY,alloc,40,0x5dedc32794f0,40
485636388747,MEMORY,alloc,40,0x5dedc3279520,40
485636388946,MEMORY,alloc,40,0x5dedc3279550,40
485636389227,MEMORY,alloc,40,0x5dedc3279580,40
485636389433,MEMORY,alloc,40,0x5dedc32795b0,40
485636390191,MEMORY,alloc,22,0x5dedc32795e0,22
485636390719,MEMORY,alloc,40,0x5dedc3279600,40
485636390922,MEMORY,alloc,40,0x5dedc3279630,40
485636391158,MEMORY,alloc,40,0x5dedc3279660,40
485636391354,MEMORY,alloc,40,0x5dedc3279690,40
485636391569,MEMORY,alloc,40,0x5dedc32796c0,40
485636391779,MEMORY,alloc,40,0x5dedc32796f0,40
485636392011,MEMORY,alloc,40,0x5dedc3279720,40
485636392212,MEMORY,alloc,40,0x5dedc3279750,40
485636392450,MEMORY,alloc,40,0x5dedc3279780,40
485636392649,MEMORY,alloc,40,0x5dedc32797b0,40
485636392905,MEMORY,alloc,40,0x5dedc32797e0,40
485636393105,MEMORY,alloc,40,0x5dedc3279810,40
485636393319,MEMORY,alloc,40,0x5dedc3279840,40
485636393518,MEMORY,alloc,40,0x5dedc3279870,40
485636393785,MEMORY,alloc,40,0x5dedc32798a0,40
485636393978,MEMORY,alloc,40,0x5dedc32798d0,40
485636394194,MEMORY,alloc,40,0x5dedc3279900,40
485636394393,MEMORY,alloc,40,0x5dedc3279930,40
485636394697,MEMORY,alloc,40,0x5dedc3279960,40
485636394897,MEMORY,alloc,40,0x5dedc3279990,40
485636395110,MEMORY,alloc,40,0x5dedc32799c0,40
485636395310,MEMORY,alloc,40,0x5dedc32799f0,40
485636395558,MEMORY,alloc,40,0x5dedc3279a20,40
485636395759,MEMORY,alloc,40,0x5dedc3279a50,40
485636395969,MEMORY,alloc,40,0x5dedc3279a80,40
485636396169,MEMORY,alloc,40,0x5dedc3279ab0,40
485636396474,MEMORY,alloc,40,0x5dedc3279ae0,40
485636396673,MEMORY,alloc,40,0x5dedc3279b10,40
485636396921,MEMORY,alloc,40,0x5dedc3279b40,40
485636397120,MEMORY,alloc,40,0x5dedc3279b70,40
485636397402,MEMORY,alloc,40,0x5dedc3279ba0,40
485636397599,MEMORY,alloc,40,0x5dedc3279bd0,40
485636397849,MEMORY,alloc,40,0x5dedc3279c00,40
485636398049,MEMORY,alloc,40,0x5dedc3279c30,40
485636398330,MEMORY,alloc,40,0x5dedc3279c60,40
485636398527,MEMORY,alloc,40,0x5dedc3279c90,40
485636398775,MEMORY,alloc,40,0x5dedc3279cc0,40
485636398974,MEMORY,alloc,40,0x5dedc3279cf0,40
485636399258,MEMORY,alloc,40,0x5dedc3279d20,40
485636399456,MEMORY,alloc,40,0x5dedc3279d50,40
485636399705,MEMORY,alloc,40,0x5dedc3279d80,40
485636399904,MEMORY,alloc,40,0x5dedc3279db0,40
485636400185,MEMORY,alloc,40,0x5dedc3279de0,40
485636400386,MEMORY,alloc,40,0x5dedc3279e10,40
485636400634,MEMORY,alloc,40,0x5dedc3279e40,40
485636400844,MEMORY,alloc,40,0x5dedc3279e70,40
485636401155,MEMORY,alloc,40,0x5dedc3279ea0,40
485636404424,MEMORY,alloc,40,0x5dedc3279ed0,40
485636404697,MEMORY,alloc,40,0x5dedc3279f00,40
485636404907,MEMORY,alloc,40,0x5dedc3279f30,40
485636405182,MEMORY,alloc,40,0x5dedc3279f60,40
485636405380,MEMORY,alloc,40,0x5dedc3279f90,40
485636405615,MEMORY,alloc,40,0x5dedc3279fc0,40
485636408724,MEMORY,alloc,40,0x5dedc3279ff0,40
485636409122,MEMORY,alloc,40,0x5dedc327a020,40
485636409316,MEMORY,alloc,40,0x5dedc327a050,40
485636409566,MEMORY,alloc,40,0x5dedc327a080,40
485636409766,MEMORY,alloc,40,0x5dedc327a0b0,40
485636410048,MEMORY,alloc,40,0x5dedc327a0e0,40
485636410243,MEMORY,alloc,40,0x5dedc327a110,40
485636410483,MEMORY,alloc,40,0x5dedc327a140,40
485636410675,MEMORY,alloc,40,0x5dedc327a170,40
485636410983,MEMORY,alloc,40,0x5dedc327a1a0,40
485636411175,MEMORY,alloc,40,0x5dedc327a1d0,40
485636411413,MEMORY,alloc,40,0x5dedc327a200,40
485636411604,MEMORY,alloc,40,0x5dedc327a230,40
485636411845,MEMORY,alloc,40,0x5dedc327a260,40
485636412038,MEMORY,alloc,40,0x5dedc327a290,40
485636412271,MEMORY,alloc,40,0x5dedc327a2c0,40
485636412499,MEMORY,alloc,40,0x5dedc327a2f0,40
485636412810,MEMORY,alloc,40,0x5dedc327a320,40
485636413012,MEMORY,alloc,40,0x5dedc327a350,40
485636413257,MEMORY,alloc,40,0x5dedc327a380,40
485636413455,MEMORY,alloc,40,0x5dedc327a3b0,40
485636413710,MEMORY,alloc,40,0x5dedc327a3e0,40
485636413918,MEMORY,alloc,40,0x5dedc327a410,40
485636414166,MEMORY,alloc,40,0x5dedc327a440,40
485636414407,MEMORY,alloc,40,0x5dedc327a470,40
485636414829,MEMORY,alloc,40,0x5dedc327a4a0,40
485636415030,MEMORY,alloc,40,0x5dedc327a4d0,40
485636415277,MEMORY,alloc,40,0x5dedc327a500,40
485636415477,MEMORY,alloc,40,0x5dedc327a530,40
485636415737,MEMORY,alloc,40,0x5dedc327a560,40
485636415938,MEMORY,alloc,40,0x5dedc327a590,40
485636416184,MEMORY,alloc,40,0x5dedc327a5c0,40
485636416416,MEMORY,alloc,40,0x5dedc327a5f0,40
485636416726,MEMORY,alloc,40,0x5dedc327a620,40
485636416924,MEMORY,alloc,40,0x5dedc327a650,40
485636417166,MEMORY,alloc,40,0x5dedc327a680,40
485636417363,MEMORY,alloc,40,0x5dedc327a6b0,40
485636417615,MEMORY,alloc,40,0x5dedc327a6e0,40
485636417813,MEMORY,alloc,40,0x5dedc327a710,40
485636418057,MEMORY,alloc,40,0x5dedc327a740,40
485636418253,MEMORY,alloc,40,0x5dedc327a770,40
485636418603,MEMORY,alloc,40,0x5dedc327a7a0,40
485636418799,MEMORY,alloc,40,0x5dedc327a7d0,40
485636419044,MEMORY,alloc,40,0x5dedc327a800,40
485636419240,MEMORY,alloc,40,0x5dedc327a830,40
485636419496,MEMORY,alloc,40,0x5dedc327a860,40
485636419693,MEMORY,alloc,40,0x5dedc327a890,40
485636419940,MEMORY,alloc,40,0x5dedc327a8c0,40
485636420140,MEMORY,alloc,40,0x5dedc327a8f0,40
485636420446,MEMORY,alloc,40,0x5dedc327a920,40
485636420646,MEMORY,alloc,40,0x5dedc327a950,40
485636420890,MEMORY,alloc,40,0x5dedc327a980,40
485636421090,MEMORY,alloc,40,0x5dedc327a9b0,40
485636421341,MEMORY,alloc,40,0x5dedc327a9e0,40
485636421537,MEMORY,alloc,40,0x5dedc327aa10,40
485636421784,MEMORY,alloc,40,0x5dedc327aa40,40
485636421985,MEMORY,alloc,40,0x5dedc327aa70,40
485636422349,MEMORY,alloc,40,0x5dedc327aaa0,40
485636422550,MEMORY,alloc,40,0x5dedc327aad0,40
485636422793,MEMORY,alloc,40,0x5dedc327ab00,40
485636422992,MEMORY,alloc,40,0x5dedc327ab30,40
485636423244,MEMORY,alloc,40,0x5dedc327ab60,40
485636423441,MEMORY,alloc,40,0x5dedc327ab90,40
485636423687,MEMORY,alloc,40,0x5dedc327abc0,40
485636423886,MEMORY,alloc,40,0x5dedc327abf0,40
485636424200,MEMORY,alloc,40,0x5dedc327ac20,40
485636424407,MEMORY,alloc,40,0x5dedc327ac50,40
485636424654,MEMORY,alloc,40,0x5dedc327ac80,40
485636424865,MEMORY,alloc,40,0x5dedc327acb0,40
485636425117,MEMORY,alloc,40,0x5dedc327ace0,40
485636425316,MEMORY,alloc,40,0x5dedc327ad10,40
485636425565,MEMORY,alloc,40,0x5dedc327ad40,40
485636425807,MEMORY,alloc,40,0x5dedc327ad70,40
485636426140,MEMORY,alloc,40,0x5dedc327ada0,40
485636426345,MEMORY,alloc,40,0x5dedc327add0,40
485636426591,MEMORY,alloc,40,0x5dedc327ae00,40
485636426792,MEMORY,alloc,40,0x5dedc327ae30,40
485636427040,MEMORY,alloc,40,0x5dedc327ae60,40
485636427237,MEMORY,alloc,40,0x5dedc327ae90,40
485636430424,MEMORY,alloc,40,0x5dedc327aec0,40
485636430622,MEMORY,alloc,40,0x5dedc327aef0,40
485636430968,MEMORY,alloc,40,0x5dedc327af20,40
485636431160,MEMORY,alloc,40,0x5dedc327af50,40
485636431407,MEMORY,alloc,40,0x5dedc327af80,40
485636431604,MEMORY,alloc,40,0x5dedc327afb0,40
485636434693,MEMORY,alloc,40,0x5dedc327afe0,40
485636434963,MEMORY,alloc,40,0x5dedc327b010,40
485636435218,MEMORY,alloc,40,0x5dedc327b040,40
485636435415,MEMORY,alloc,40,0x5dedc327b070,40
485636435823,MEMORY,alloc,40,0x5dedc327b0a0,40
485636436020,MEMORY,alloc,40,0x5dedc327b0d0,40
485636436261,MEMORY,alloc,40,0x5dedc327b100,40
485636436500,MEMORY,alloc,40,0x5dedc327b130,40
485636436709,MEMORY,alloc,40,0x5dedc327b160,40
485636436901,MEMORY,alloc,40,0x5dedc327b190,40
485636437177,MEMORY,alloc,40,0x5dedc327b1c0,40
485636437375,MEMORY,alloc,40,0x5dedc327b1f0,40
485636437672,MEMORY,alloc,40,0x5dedc327b220,40
485636437868,MEMORY,alloc,40,0x5dedc327b250,40
485636438115,MEMORY,alloc,40,0x5dedc327b280,40
485636438312,MEMORY,alloc,40,0x5dedc327b2b0,40
485636438538,MEMORY,alloc,40,0x5dedc327b2e0,40
485636438738,MEMORY,alloc,40,0x5dedc327b310,40
485636438984,MEMORY,alloc,40,0x5dedc327b340,40
485636439193,MEMORY,alloc,40,0x5dedc327b370,40
485636439585,MEMORY,alloc,40,0x5dedc327b3a0,40
485636439778,MEMORY,alloc,40,0x5dedc327b3d0,40
485636440037,MEMORY,alloc,40,0x5dedc327b400,40
485636440241,MEMORY,alloc,40,0x5dedc327b430,40
485636440469,MEMORY,alloc,40,0x5dedc327b460,40
485636440665,MEMORY,alloc,40,0x5dedc327b490,40
485636440912,MEMORY,alloc,40,0x5dedc327b4c0,40
485636441109,MEMORY,alloc,40,0x5dedc327b4f0,40
485636441421,MEMORY,alloc,40,0x5dedc327b520,40
485636441618,MEMORY,alloc,40,0x5dedc327b550,40
485636442274,MEMORY,alloc,22,0x5dedc327b580,22
485636443950,MEMORY,alloc,40,0x5dedc327b9c0,40
485636444149,MEMORY,alloc,40,0x5dedc327b9f0,40
485636444323,MEMORY,alloc,40,0x5dedc327ba20,40
485636444515,MEMORY,alloc,40,0x5dedc327ba50,40
485636444756,MEMORY,alloc,40,0x5dedc327ba80,40
485636444954,MEMORY,alloc,40,0x5dedc327bab0,40
485636445181,MEMORY,alloc,40,0x5dedc327bae0,40
485636445377,MEMORY,alloc,40,0x5dedc327bb10,40
485636445615,MEMORY,alloc,40,0x5dedc327bb40,40
485636445841,MEMORY,alloc,40,0x5dedc327bb70,40
485636446098,MEMORY,alloc,40,0x5dedc327bba0,40
485636446292,MEMORY,alloc,40,0x5dedc327bbd0,40
485636446507,MEMORY,alloc,40,0x5dedc327bc00,40
485636446703,MEMORY,alloc,40,0x5dedc327bc30,40
485636446962,MEMORY,alloc,40,0x5dedc327bc60,40
485636447160,MEMORY,alloc,40,0x5dedc327bc90,40
485636447401,MEMORY,alloc,40,0x5dedc327bcc0,40
485636447598,MEMORY,alloc,40,0x5dedc327bcf0,40
485636447873,MEMORY,alloc,40,0x5dedc327bd20,40
485636448070,MEMORY,alloc,40,0x5dedc327bd50,40
485636448314,MEMORY,alloc,40,0x5dedc327bd80,40
485636448510,MEMORY,alloc,40,0x5dedc327bdb0,40
485636448793,MEMORY,alloc,40,0x5dedc327bde0,40
485636448990,MEMORY,alloc,40,0x5dedc327be10,40
485636449232,MEMORY,alloc,40,0x5dedc327be40,40
485636449427,MEMORY,alloc,40,0x5dedc327be70,40
485636449681,MEMORY,alloc,40,0x5dedc327bea0,40
485636449873,MEMORY,alloc,40,0x5dedc327bed0,40
485636450107,MEMORY,alloc,40,0x5dedc327bf00,40
485636450297,MEMORY,alloc,40,0x5dedc327bf30,40
485636450578,MEMORY,alloc,40,0x5dedc327bf60,40
485636450768,MEMORY,alloc,40,0x5dedc327bf90,40
485636451042,MEMORY,alloc,40,0x5dedc327bfc0,40
485636454065,MEMORY,alloc,40,0x5dedc327bff0,40
485636454389,MEMORY,alloc,40,0x5dedc327c020,40
485636454584,MEMORY,alloc,40,0x5dedc327c050,40
485636454801,MEMORY,alloc,40,0x5dedc327c080,40
485636454996,MEMORY,alloc,40,0x5dedc327c0b0,40
485636455309,MEMORY,alloc,40,0x5dedc327c0e0,40
485636455540,MEMORY,alloc,40,0x5dedc327c110,40
485636455760,MEMORY,alloc,40,0x5dedc327c140,40
485636455960,MEMORY,alloc,40,0x5dedc327c170,40
485636456240,MEMORY,alloc,40,0x5dedc327c1a0,40
485636456433,MEMORY,alloc,40,0x5dedc327c1d0,40
485636456645,MEMORY,alloc,40,0x5dedc327c200,40
485636456843,MEMORY,alloc,40,0x5dedc327c230,40
485636457162,MEMORY,alloc,40,0x5dedc327c260,40
485636457362,MEMORY,alloc,40,0x5dedc327c290,40
485636460556,MEMORY,alloc,40,0x5dedc327c2c0,40
485636460750,MEMORY,alloc,40,0x5dedc327c2f0,40
485636461049,MEMORY,alloc,40,0x5dedc327c320,40
485636461241,MEMORY,alloc,40,0x5dedc327c350,40
485636461489,MEMORY,alloc,40,0x5dedc327c380,40
485636461689,MEMORY,alloc,40,0x5dedc327c3b0,40
485636461975,MEMORY,alloc,40,0x5dedc327c3e0,40
485636462168,MEMORY,alloc,40,0x5dedc327c410,40
485636462417,MEMORY,alloc,40,0x5dedc327c440,40
485636462609,MEMORY,alloc,40,0x5dedc327c470,40
485636462891,MEMORY,alloc,40,0x5dedc327c4a0,40
485636463087,MEMORY,alloc,40,0x5dedc327c4d0,40
485636463334,MEMORY,alloc,40,0x5dedc327c500,40
485636463533,MEMORY,alloc,40,0x5dedc327c530,40
485636463866,MEMORY,alloc,40,0x5dedc327c560,40
485636464061,MEMORY,alloc,40,0x5dedc327c590,40
485636464306,MEMORY,alloc,40,0x5dedc327c5c0,40
485636464500,MEMORY,alloc,40,0x5dedc327c5f0,40
485636464783,MEMORY,alloc,40,0x5dedc327c620,40
485636464976,MEMORY,alloc,40,0x5dedc327c650,40
485636465212,MEMORY,alloc,40,0x5dedc327c680,40
485636465406,MEMORY,alloc,40,0x5dedc327c6b0,40
485636465704,MEMORY,alloc,40,0x5dedc327c6e0,40
485636465898,MEMORY,alloc,40,0x5dedc327c710,40
485636466135,MEMORY,alloc,40,0x5dedc327c740,40
485636466330,MEMORY,alloc,40,0x5dedc327c770,40
485636466597,MEMORY,alloc,40,0x5dedc327c7a0,40
485636466793,MEMORY,alloc,40,0x5dedc327c7d0,40
485636467036,MEMORY,alloc,40,0x5dedc327c800,40
485636467241,MEMORY,alloc,40,0x5dedc327c830,40
485636467597,MEMORY,alloc,40,0x5dedc327c860,40
485636467792,MEMORY,alloc,40,0x5dedc327c890,40
485636468028,MEMORY,alloc,40,0x5dedc327c8c0,40
485636468221,MEMORY,alloc,40,0x5dedc327c8f0,40
485636468488,MEMORY,alloc,40,0x5dedc327c920,40
485636468681,MEMORY,alloc,40,0x5dedc327c950,40
485636468915,MEMORY,alloc,40,0x5dedc327c980,40
485636469108,MEMORY,alloc,40,0x5dedc327c9b0,40
485636469409,MEMORY,alloc,40,0x5dedc327c9e0,40
485636469600,MEMORY,alloc,40,0x5dedc327ca10,40
485636469878,MEMORY,alloc,40,0x5dedc327ca40,40
485636470072,MEMORY,alloc,40,0x5dedc327ca70,40
485636470342,MEMORY,alloc,40,0x5dedc327caa0,40
485636470531,MEMORY,alloc,40,0x5dedc327cad0,40
485636470811,MEMORY,alloc,40,0x5dedc327cb00,40
485636471043,MEMORY,alloc,40,0x5dedc327cb30,40
485636471397,MEMORY,alloc,40,0x5dedc327cb60,40
485636471593,MEMORY,alloc,40,0x5dedc327cb90,40
485636471839,MEMORY,alloc,40,0x5dedc327cbc0,40
485636472037,MEMORY,alloc,40,0x5dedc327cbf0,40
485636472324,MEMORY,alloc,40,0x5dedc327cc20,40
485636472519,MEMORY,alloc,40,0x5dedc327cc50,40
485636472766,MEMORY,alloc,40,0x5dedc327cc80,40
485636472999,MEMORY,alloc,40,0x5dedc327ccb0,40
485636473309,MEMORY,alloc,40,0x5dedc327cce0,40
485636473507,MEMORY,alloc,40,0x5dedc327cd10,40
485636473746,MEMORY,alloc,40,0x5dedc327cd40,40
485636473968,MEMORY,alloc,40,0x5dedc327cd70,40
485636474239,MEMORY,alloc,40,0x5dedc327cda0,40
485636474431,MEMORY,alloc,40,0x5dedc327cdd0,40
485636474668,MEMORY,alloc,40,0x5dedc327ce00,40
485636474907,MEMORY,alloc,40,0x5dedc327ce30,40
485636475233,MEMORY,alloc,40,0x5dedc327ce60,40
485636475465,MEMORY,alloc,40,0x5dedc327ce90,40
485636475712,MEMORY,alloc,40,0x5dedc327cec0,40
485636475911,MEMORY,alloc,40,0x5dedc327cef0,40
485636476235,MEMORY,alloc,40,0x5dedc327cf20,40
485636476430,MEMORY,alloc,40,0x5dedc327cf50,40
485636476675,MEMORY,alloc,40,0x5dedc327cf80,40
485636476884,MEMORY,alloc,40,0x5dedc327cfb0,40
485636480158,MEMORY,alloc,40,0x5dedc327cfe0,40
485636480430,MEMORY,alloc,40,0x5dedc327d010,40
485636480680,MEMORY,alloc,40,0x5dedc327d040,40
485636480876,MEMORY,alloc,40,0x5dedc327d070,40
485636481139,MEMORY,alloc,40,0x5dedc327d0a0,40
485636481334,MEMORY,alloc,40,0x5dedc327d0d0,40
485636481905,MEMORY,alloc,40,0x5dedc327d100,40
485636482203,MEMORY,alloc,40,0x5dedc327d130,40
485636482525,MEMORY,alloc,40,0x5dedc327d160,40
485636482764,MEMORY,alloc,40,0x5dedc327d190,40
485636483059,MEMORY,alloc,40,0x5dedc327d1c0,40
485636483308,MEMORY,alloc,40,0x5dedc327d1f0,40
485636483653,MEMORY,alloc,40,0x5dedc327d220,40
485636483945,MEMORY,alloc,40,0x5dedc327d250,40
485636484283,MEMORY,alloc,40,0x5dedc327d280,40
485636484516,MEMORY,alloc,40,0x5dedc327d2b0,40
485636489200,MEMORY,alloc,40,0x5dedc327d2e0,40
485636489494,MEMORY,alloc,40,0x5dedc327d310,40
485636489835,MEMORY,alloc,40,0x5dedc327d340,40
485636490173,MEMORY,alloc,40,0x5dedc327d370,40
485636490585,MEMORY,alloc,40,0x5dedc327d3a0,40
485636490896,MEMORY,alloc,40,0x5dedc327d3d0,40
485636491238,MEMORY,alloc,40,0x5dedc327d400,40
485636491593,MEMORY,alloc,40,0x5dedc327d430,40
485636492070,MEMORY,alloc,40,0x5dedc327d460,40
485636492430,MEMORY,alloc,40,0x5dedc327d490,40
485636492833,MEMORY,alloc,40,0x5dedc327d4c0,40
485636493191,MEMORY,alloc,40,0x5dedc327d4f0,40
485636493607,MEMORY,alloc,40,0x5dedc327d520,40
485636493964,MEMORY,alloc,40,0x5dedc327d550,40
485636494370,MEMORY,alloc,40,0x5dedc327d580,40
485636494712,MEMORY,alloc,40,0x5dedc327d5b0,40
485636495171,MEMORY,alloc,40,0x5dedc327d5e0,40
485636495432,MEMORY,alloc,40,0x5dedc327d610,40
485636495777,MEMORY,alloc,40,0x5dedc327d640,40
485636496050,MEMORY,alloc,40,0x5dedc327d670,40
485636496347,MEMORY,alloc,40,0x5dedc327d6a0,40
485636496589,MEMORY,alloc,40,0x5dedc327d6d0,40
485636496926,MEMORY,alloc,40,0x5dedc327d700,40
485636497235,MEMORY,alloc,40,0x5dedc327d730,40
485636497740,MEMORY,alloc,40,0x5dedc327d760,40
485636498037,MEMORY,alloc,40,0x5dedc327d790,40
485636498378,MEMORY,alloc,40,0x5dedc327d7c0,40
485636498662,MEMORY,alloc,40,0x5dedc327d7f0,40
485636498990,MEMORY,alloc,40,0x5dedc327d820,40
485636499272,MEMORY,alloc,40,0x5dedc327d850,40
485636499575,MEMORY,alloc,40,0x5dedc327d880,40
485636499890,MEMORY,alloc,40,0x5dedc327d8b0,40
485636500229,MEMORY,alloc,40,0x5dedc327d8e0,40
485636500492,MEMORY,alloc,40,0x5dedc327d910,40
485636508774,MEMORY,alloc,22,0x5dedc327d940,22
485636509944,MEMORY,alloc,40,0x5dedc327d960,40
485636510266,MEMORY,alloc,40,0x5dedc327d990,40
485636510573,MEMORY,alloc,40,0x5dedc327d9c0,40
485636510854,MEMORY,alloc,40,0x5dedc327d9f0,40
485636511125,MEMORY,alloc,40,0x5dedc327da20,40
485636511513,MEMORY,alloc,40,0x5dedc327da50,40
485636511777,MEMORY,alloc,40,0x5dedc327da80,40
485636512057,MEMORY,alloc,40,0x5dedc327dab0,40
485636512354,MEMORY,alloc,40,0x5dedc327dae0,40
485636512604,MEMORY,alloc,40,0x5dedc327db10,40
485636512930,MEMORY,alloc,40,0x5dedc327db40,40
485636513229,MEMORY,alloc,40,0x5dedc327db70,40
485636513568,MEMORY,alloc,40,0x5dedc327dba0,40
485636513838,MEMORY,alloc,40,0x5dedc327dbd0,40
485636514115,MEMORY,alloc,40,0x5dedc327dc00,40
485636514316,MEMORY,alloc,40,0x5dedc327dc30,40
485636514542,MEMORY,alloc,40,0x5dedc327dc60,40
485636514783,MEMORY,alloc,40,0x5dedc327dc90,40
485636515079,MEMORY,alloc,40,0x5dedc327dcc0,40
485636515291,MEMORY,alloc,40,0x5dedc327dcf0,40
485636515518,MEMORY,alloc,40,0x5dedc327dd20,40
485636515739,MEMORY,alloc,40,0x5dedc327dd50,40
485636516036,MEMORY,alloc,40,0x5dedc327dd80,40
485636516247,MEMORY,alloc,40,0x5dedc327ddb0,40
485636516471,MEMORY,alloc,40,0x5dedc327dde0,40
485636516679,MEMORY,alloc,40,0x5dedc327de10,40
485636516980,MEMORY,alloc,40,0x5dedc327de40,40
485636517198,MEMORY,alloc,40,0x5dedc327de70,40
485636517435,MEMORY,alloc,40,0x5dedc327dea0,40
485636517669,MEMORY,alloc,40,0x5dedc327ded0,40
485636518006,MEMORY,alloc,40,0x5dedc327df00,40
485636518221,MEMORY,alloc,40,0x5dedc327df30,40
485636518444,MEMORY,alloc,40,0x5dedc327df60,40
485636518657,MEMORY,alloc,40,0x5dedc327df90,40
485636518932,MEMORY,alloc,40,0x5dedc327dfc0,40
485636524781,MEMORY,alloc,40,0x5dedc327dff0,40
485636525224,MEMORY,alloc,40,0x5dedc327e020,40
485636525535,MEMORY,alloc,40,0x5dedc327e050,40
485636525929,MEMORY,alloc,40,0x5dedc327e080,40
485636526138,MEMORY,alloc,40,0x5dedc327e0b0,40
485636526453,MEMORY,alloc,40,0x5dedc327e0e0,40
485636526703,MEMORY,alloc,40,0x5dedc327e110,40
485636527000,MEMORY,alloc,40,0x5dedc327e140,40
485636527221,MEMORY,alloc,40,0x5dedc327e170,40
485636527467,MEMORY,alloc,40,0x5dedc327e1a0,40
485636527740,MEMORY,alloc,40,0x5dedc327e1d0,40
485636528106,MEMORY,alloc,40,0x5dedc327e200,40
485636528348,MEMORY,alloc,40,0x5dedc327e230,40
485636528611,MEMORY,alloc,40,0x5dedc327e260,40
485636528859,MEMORY,alloc,40,0x5dedc327e290,40
485636533427,MEMORY,alloc,40,0x5dedc327e2c0,40
485636533672,MEMORY,alloc,40,0x5dedc327e2f0,40
485636533971,MEMORY,alloc,40,0x5dedc327e320,40
485636534224,MEMORY,alloc,40,0x5dedc327e350,40
485636534607,MEMORY,alloc,40,0x5dedc327e380,40
485636534866,MEMORY,alloc,40,0x5dedc327e3b0,40
485636535145,MEMORY,alloc,40,0x5dedc327e3e0,40
485636535458,MEMORY,alloc,40,0x5dedc327e410,40
485636535874,MEMORY,alloc,40,0x5dedc327e440,40
485636536166,MEMORY,alloc,40,0x5dedc327e470,40
485636536458,MEMORY,alloc,40,0x5dedc327e4a0,40
485636536741,MEMORY,alloc,40,0x5dedc327e4d0,40
485636537151,MEMORY,alloc,40,0x5dedc327e500,40
485636537460,MEMORY,alloc,40,0x5dedc327e530,40
485636537778,MEMORY,alloc,40,0x5dedc327e560,40
485636538067,MEMORY,alloc,40,0x5dedc327e590,40
485636538424,MEMORY,alloc,40,0x5dedc327e5c0,40
485636538648,MEMORY,alloc,40,0x5dedc327e5f0,40
485636538915,MEMORY,alloc,40,0x5dedc327e620,40
485636539156,MEMORY,alloc,40,0x5dedc327e650,40
485636539496,MEMORY,alloc,40,0x5dedc327e680,40
485636539748,MEMORY,alloc,40,0x5dedc327e6b0,40
485636540140,MEMORY,alloc,40,0x5dedc327e6e0,40
485636540432,MEMORY,alloc,40,0x5dedc327e710,40
485636540854,MEMORY,alloc,40,0x5dedc327e740,40
485636541137,MEMORY,alloc,40,0x5dedc327e770,40
485636541416,MEMORY,alloc,40,0x5dedc327e7a0,40
485636541695,MEMORY,alloc,40,0x5dedc327e7d0,40
485636542199,MEMORY,alloc,40,0x5dedc327e800,40
485636542437,MEMORY,alloc,40,0x5dedc327e830,40
485636542693,MEMORY,alloc,40,0x5dedc327e860,40
485636542938,MEMORY,alloc,40,0x5dedc327e890,40
485636543309,MEMORY,alloc,40,0x5dedc327e8c0,40
485636543543,MEMORY,alloc,40,0x5dedc327e8f0,40
485636543788,MEMORY,alloc,40,0x5dedc327e920,40
485636544059,MEMORY,alloc,40,0x5dedc327e950,40
485636544425,MEMORY,alloc,40,0x5dedc327e980,40
485636544693,MEMORY,alloc,40,0x5dedc327e9b0,40
485636545070,MEMORY,alloc,40,0x5dedc327e9e0,40
485636545418,MEMORY,alloc,40,0x5dedc327ea10,40
485636545845,MEMORY,alloc,40,0x5dedc327ea40,40
485636546168,MEMORY,alloc,40,0x5dedc327ea70,40
485636546595,MEMORY,alloc,40,0x5dedc327eaa0,40
485636546900,MEMORY,alloc,40,0x5dedc327ead0,40
485636547320,MEMORY,alloc,40,0x5dedc327eb00,40
485636547579,MEMORY,alloc,40,0x5dedc327eb30,40
485636547876,MEMORY,alloc,40,0x5dedc327eb60,40
485636548132,MEMORY,alloc,40,0x5dedc327eb90,40
485636548472,MEMORY,alloc,40,0x5dedc327ebc0,40
485636548741,MEMORY,alloc,40,0x5dedc327ebf0,40
485636549082,MEMORY,alloc,40,0x5dedc327ec20,40
485636549364,MEMORY,alloc,40,0x5dedc327ec50,40
485636549764,MEMORY,alloc,40,0x5dedc327ec80,40
485636550114,MEMORY,alloc,40,0x5dedc327ecb0,40
485636550445,MEMORY,alloc,40,0x5dedc327ece0,40
485636550692,MEMORY,alloc,40,0x5dedc327ed10,40
485636551095,MEMORY,alloc,40,0x5dedc327ed40,40
485636551365,MEMORY,alloc,40,0x5dedc327ed70,40
485636551668,MEMORY,alloc,40,0x5dedc327eda0,40
485636551954,MEMORY,alloc,40,0x5dedc327edd0,40
485636552239,MEMORY,alloc,40,0x5dedc327ee00,40
485636552492,MEMORY,alloc,40,0x5dedc327ee30,40
485636552776,MEMORY,alloc,40,0x5dedc327ee60,40
485636553025,MEMORY,alloc,40,0x5dedc327ee90,40
485636553338,MEMORY,alloc,40,0x5dedc327eec0,40
485636553692,MEMORY,alloc,40,0x5dedc327eef0,40
485636554045,MEMORY,alloc,40,0x5dedc327ef20,40
485636554293,MEMORY,alloc,40,0x5dedc327ef50,40
485636554645,MEMORY,alloc,40,0x5dedc327ef80,40
485636554910,MEMORY,alloc,40,0x5dedc327efb0,40
485636559892,MEMORY,alloc,40,0x5dedc327efe0,40
485636560320,MEMORY,alloc,40,0x5dedc327f010,40
485636560693,MEMORY,alloc,40,0x5dedc327f040,40
485636560984,MEMORY,alloc,40,0x5dedc327f070,40
485636561320,MEMORY,alloc,40,0x5dedc327f0a0,40
485636561545,MEMORY,alloc,40,0x5dedc327f0d0,40
485636561882,MEMORY,alloc,40,0x5dedc327f100,40
485636562572,MEMORY,alloc,40,0x5dedc327f130,40
485636562834,MEMORY,alloc,40,0x5dedc327f160,40
485636563026,MEMORY,alloc,40,0x5dedc327f190,40
485636563270,MEMORY,alloc,40,0x5dedc327f1c0,40
485636563470,MEMORY,alloc,40,0x5dedc327f1f0,40
485636563700,MEMORY,alloc,40,0x5dedc327f220,40
485636563898,MEMORY,alloc,40,0x5dedc327f250,40
485636564180,MEMORY,alloc,40,0x5dedc327f280,40
485636567499,MEMORY,alloc,40,0x5dedc327f2b0,40
485636567740,MEMORY,alloc,40,0x5dedc327f2e0,40
485636567974,MEMORY,alloc,40,0x5dedc327f310,40
485636568245,MEMORY,alloc,40,0x5dedc327f340,40
485636568443,MEMORY,alloc,40,0x5dedc327f370,40
485636568686,MEMORY,alloc,40,0x5dedc327f3a0,40
485636568883,MEMORY,alloc,40,0x5dedc327f3d0,40
485636569162,MEMORY,alloc,40,0x5dedc327f400,40
485636569359,MEMORY,alloc,40,0x5dedc327f430,40
485636569600,MEMORY,alloc,40,0x5dedc327f460,40
485636569798,MEMORY,alloc,40,0x5dedc327f490,40
485636570070,MEMORY,alloc,40,0x5dedc327f4c0,40
485636570267,MEMORY,alloc,40,0x5dedc327f4f0,40
485636570517,MEMORY,alloc,40,0x5dedc327f520,40
485636570715,MEMORY,alloc,40,0x5dedc327f550,40
485636571014,MEMORY,alloc,40,0x5dedc327f580,40
485636571220,MEMORY,alloc,40,0x5dedc327f5b0,40
485636571470,MEMORY,alloc,40,0x5dedc327f5e0,40
485636571664,MEMORY,alloc,40,0x5dedc327f610,40
485636571930,MEMORY,alloc,40,0x5dedc327f640,40
485636572126,MEMORY,alloc,40,0x5dedc327f670,40
485636572376,MEMORY,alloc,40,0x5dedc327f6a0,40
485636572572,MEMORY,alloc,40,0x5dedc327f6d0,40
485636572989,MEMORY,alloc,40,0x5dedc327f700,40
485636573186,MEMORY,alloc,40,0x5dedc327f730,40
485636573457,MEMORY,alloc,40,0x5dedc327f760,40
485636573695,MEMORY,alloc,40,0x5dedc327f790,40
485636573973,MEMORY,alloc,40,0x5dedc327f7c0,40
485636574178,MEMORY,alloc,40,0x5dedc327f7f0,40
485636574437,MEMORY,alloc,40,0x5dedc327f820,40
485636574636,MEMORY,alloc,40,0x5dedc327f850,40
485636574948,MEMORY,alloc,40,0x5dedc327f880,40
485636575147,MEMORY,alloc,40,0x5dedc327f8b0,40
485636575912,MEMORY,alloc,22,0x5dedc327f8e0,22
485636576575,MEMORY,alloc,40,0x5dedc327f900,40
485636576823,MEMORY,alloc,40,0x5dedc327f930,40
485636576998,MEMORY,alloc,40,0x5dedc327f960,40
485636577248,MEMORY,alloc,40,0x5dedc327f990,40
485636577462,MEMORY,alloc,40,0x5dedc327f9c0,40
485636577665,MEMORY,alloc,40,0x5dedc327f9f0,40
485636577899,MEMORY,alloc,40,0x5dedc327fa20,40
485636578097,MEMORY,alloc,40,0x5dedc327fa50,40
485636578368,MEMORY,alloc,40,0x5dedc327fa80,40
485636578598,MEMORY,alloc,40,0x5dedc327fab0,40
485636578876,MEMORY,alloc,40,0x5dedc327fae0,40
485636579076,MEMORY,alloc,40,0x5dedc327fb10,40
485636579292,MEMORY,alloc,40,0x5dedc327fb40,40
485636579492,MEMORY,alloc,40,0x5dedc327fb70,40
485636579761,MEMORY,alloc,40,0x5dedc327fba0,40
485636579959,MEMORY,alloc,40,0x5dedc327fbd0,40
485636580207,MEMORY,alloc,40,0x5dedc327fc00,40
485636580406,MEMORY,alloc,40,0x5dedc327fc30,40
485636580700,MEMORY,alloc,40,0x5dedc327fc60,40
485636580901,MEMORY,alloc,40,0x5dedc327fc90,40
485636581147,MEMORY,alloc,40,0x5dedc327fcc0,40
485636581339,MEMORY,alloc,40,0x5dedc327fcf0,40
485636581623,MEMORY,alloc,40,0x5dedc327fd20,40
485636581823,MEMORY,alloc,40,0x5dedc327fd50,40
485636582067,MEMORY,alloc,40,0x5dedc327fd80,40
485636582264,MEMORY,alloc,40,0x5dedc327fdb0,40
485636582542,MEMORY,alloc,40,0x5dedc327fde0,40
485636582736,MEMORY,alloc,40,0x5dedc327fe10,40
485636582983,MEMORY,alloc,40,0x5dedc327fe40,40
485636583195,MEMORY,alloc,40,0x5dedc327fe70,40
485636583488,MEMORY,alloc,40,0x5dedc327fea0,40
485636583683,MEMORY,alloc,40,0x5dedc327fed0,40
485636583947,MEMORY,alloc,40,0x5dedc327ff00,40
485636584144,MEMORY,alloc,40,0x5dedc327ff30,40
485636584424,MEMORY,alloc,40,0x5dedc327ff60,40
485636584622,MEMORY,alloc,40,0x5dedc327ff90,40
485636584886,MEMORY,alloc,40,0x5dedc327ffc0,40
485636883657,MEMORY,alloc,40,0x5dedc327fff0,40
485636886398,MEMORY,alloc,40,0x5dedc3280020,40
485636886771,MEMORY,alloc,40,0x5dedc3280050,40
485636887078,MEMORY,alloc,40,0x5dedc3280080,40
485636887314,MEMORY,alloc,40,0x5dedc32800b0,40
485636887659,MEMORY,alloc,40,0x5dedc32800e0,40
485636887889,MEMORY,alloc,40,0x5dedc3280110,40
485636888154,MEMORY,alloc,40,0x5dedc3280140,40
485636888355,MEMORY,alloc,40,0x5dedc3280170,40
485636888656,MEMORY,alloc,40,0x5dedc32801a0,40
485636888856,MEMORY,alloc,40,0x5dedc32801d0,40
485636889112,MEMORY,alloc,40,0x5dedc3280200,40
485636889314,MEMORY,alloc,40,0x5dedc3280230,40
485636889605,MEMORY,alloc,40,0x5dedc3280260,40
485636889808,MEMORY,alloc,40,0x5dedc3280290,40
485636893550,MEMORY,alloc,40,0x5dedc32802c0,40
485636893748,MEMORY,alloc,40,0x5dedc32802f0,40
485636894130,MEMORY,alloc,40,0x5dedc3280320,40
485636894331,MEMORY,alloc,40,0x5dedc3280350,40
485636894578,MEMORY,alloc,40,0x5dedc3280380,40
485636894766,MEMORY,alloc,40,0x5dedc32803b0,40
485636895036,MEMORY,alloc,40,0x5dedc32803e0,40
485636895228,MEMORY,alloc,40,0x5dedc3280410,40
485636895467,MEMORY,alloc,40,0x5dedc3280440,40
485636895661,MEMORY,alloc,40,0x5dedc3280470,40
485636895983,MEMORY,alloc,40,0x5dedc32804a0,40
485636896177,MEMORY,alloc,40,0x5dedc32804d0,40
485636896412,MEMORY,alloc,40,0x5dedc3280500,40
485636896606,MEMORY,alloc,40,0x5dedc3280530,40
485636896878,MEMORY,alloc,40,0x5dedc3280560,40
485636897070,MEMORY,alloc,40,0x5dedc3280590,40
485636897308,MEMORY,alloc,40,0x5dedc32805c0,40
485636897539,MEMORY,alloc,40,0x5dedc32805f0,40
485636897853,MEMORY,alloc,40,0x5dedc3280620,40
485636898048,MEMORY,alloc,40,0x5dedc3280650,40
485636898624,MEMORY,alloc,40,0x5dedc3280680,40
485636898953,MEMORY,alloc,40,0x5dedc32806b0,40
485636899281,MEMORY,alloc,40,0x5dedc32806e0,40
485636899499,MEMORY,alloc,40,0x5dedc3280710,40
485636899744,MEMORY,alloc,40,0x5dedc3280740,40
485636900008,MEMORY,alloc,40,0x5dedc3280770,40
485636900522,MEMORY,alloc,40,0x5dedc32807a0,40
485636900794,MEMORY,alloc,40,0x5dedc32807d0,40
485636901099,MEMORY,alloc,40,0x5dedc3280800,40
485636901365,MEMORY,alloc,40,0x5dedc3280830,40
485636901733,MEMORY,alloc,40,0x5dedc3280860,40
485636902034,MEMORY,alloc,40,0x5dedc3280890,40
485636902336,MEMORY,alloc,40,0x5dedc32808c0,40
485636902620,MEMORY,alloc,40,0x5dedc32808f0,40
485636903040,MEMORY,alloc,40,0x5dedc3280920,40
485636903398,MEMORY,alloc,40,0x5dedc3280950,40
485636903695,MEMORY,alloc,40,0x5dedc3280980,40
485636904053,MEMORY,alloc,40,0x5dedc32809b0,40
485636904499,MEMORY,alloc,40,0x5dedc32809e0,40
485636904850,MEMORY,alloc,40,0x5dedc3280a10,40
485636905211,MEMORY,alloc,40,0x5dedc3280a40,40
485636905472,MEMORY,alloc,40,0x5dedc3280a70,40
485636905906,MEMORY,alloc,40,0x5dedc3280aa0,40
485636906155,MEMORY,alloc,40,0x5dedc3280ad0,40
485636906523,MEMORY,alloc,40,0x5dedc3280b00,40
485636906802,MEMORY,alloc,40,0x5dedc3280b30,40
485636907206,MEMORY,alloc,40,0x5dedc3280b60,40
485636907495,MEMORY,alloc,40,0x5dedc3280b90,40
485636907823,MEMORY,alloc,40,0x5dedc3280bc0,40
485636908169,MEMORY,alloc,40,0x5dedc3280bf0,40
485636908639,MEMORY,alloc,40,0x5dedc3280c20,40
485636909003,MEMORY,alloc,40,0x5dedc3280c50,40
485636909367,MEMORY,alloc,40,0x5dedc3280c80,40
485636909734,MEMORY,alloc,40,0x5dedc3280cb0,40
485636910164,MEMORY,alloc,40,0x5dedc3280ce0,40
485636910484,MEMORY,alloc,40,0x5dedc3280d10,40
485636910771,MEMORY,alloc,40,0x5dedc3280d40,40
485636911054,MEMORY,alloc,40,0x5dedc3280d70,40
485636911567,MEMORY,alloc,40,0x5dedc3280da0,40
485636911864,MEMORY,alloc,40,0x5dedc3280dd0,40
485636912144,MEMORY,alloc,40,0x5dedc3280e00,40
485636912405,MEMORY,alloc,40,0x5dedc3280e30,40
485636912739,MEMORY,alloc,40,0x5dedc3280e60,40
485636913008,MEMORY,alloc,40,0x5dedc3280e90,40
485636913296,MEMORY,alloc,40,0x5dedc3280ec0,40
485636913525,MEMORY,alloc,40,0x5dedc3280ef0,40
485636913872,MEMORY,alloc,40,0x5dedc3280f20,40
485636914120,MEMORY,alloc,40,0x5dedc3280f50,40
485636914361,MEMORY,alloc,40,0x5dedc3280f80,40
485636914600,MEMORY,alloc,40,0x5dedc3280fb0,40
485636919247,MEMORY,alloc,40,0x5dedc3280fe0,40
485636919608,MEMORY,alloc,40,0x5dedc3281010,40
485636919963,MEMORY,alloc,40,0x5dedc3281040,40
485636920244,MEMORY,alloc,40,0x5dedc3281070,40
485636920664,MEMORY,alloc,40,0x5dedc32810a0,40
485636920974,MEMORY,alloc,40,0x5dedc32810d0,40
485636921379,MEMORY,alloc,40,0x5dedc3281100,40
485636921664,MEMORY,alloc,40,0x5dedc3281130,40
485636922040,MEMORY,alloc,40,0x5dedc3281160,40
485636922344,MEMORY,alloc,40,0x5dedc3281190,40
485636922680,MEMORY,alloc,40,0x5dedc32811c0,40
485636922969,MEMORY,alloc,40,0x5dedc32811f0,40
485636923327,MEMORY,alloc,40,0x5dedc3281220,40
485636923669,MEMORY,alloc,40,0x5dedc3281250,40
485636924052,MEMORY,alloc,40,0x5dedc3281280,40
485636928609,MEMORY,alloc,40,0x5dedc32812b0,40
485636928994,MEMORY,alloc,40,0x5dedc32812e0,40
485636929343,MEMORY,alloc,40,0x5dedc3281310,40
485636929622,MEMORY,alloc,40,0x5dedc3281340,40
485636929939,MEMORY,alloc,40,0x5dedc3281370,40
485636930442,MEMORY,alloc,40,0x5dedc32813a0,40
485636930761,MEMORY,alloc,40,0x5dedc32813d0,40
485636931099,MEMORY,alloc,40,0x5dedc3281400,40
485636931869,MEMORY,alloc,40,0x5dedc3281430,40
485636932197,MEMORY,alloc,40,0x5dedc3281460,40
485636932444,MEMORY,alloc,40,0x5dedc3281490,40
485636932710,MEMORY,alloc,40,0x5dedc32814c0,40
485636932937,MEMORY,alloc,40,0x5dedc32814f0,40
485636933599,MEMORY,alloc,40,0x5dedc3281520,40
485636933897,MEMORY,alloc,40,0x5dedc3281550,40
485636934157,MEMORY,alloc,40,0x5dedc3281580,40
485636934370,MEMORY,alloc,40,0x5dedc32815b0,40
485636934652,MEMORY,alloc,40,0x5dedc32815e0,40
485636934852,MEMORY,alloc,40,0x5dedc3281610,40
485636935100,MEMORY,alloc,40,0x5dedc3281640,40
485636935330,MEMORY,alloc,40,0x5dedc3281670,40
485636935765,MEMORY,alloc,40,0x5dedc32816a0,40
485636935962,MEMORY,alloc,40,0x5dedc32816d0,40
485636936205,MEMORY,alloc,40,0x5dedc3281700,40
485636936405,MEMORY,alloc,40,0x5dedc3281730,40
485636936692,MEMORY,alloc,40,0x5dedc3281760,40
485636936890,MEMORY,alloc,40,0x5dedc3281790,40
485636937135,MEMORY,alloc,40,0x5dedc32817c0,40
485636937358,MEMORY,alloc,40,0x5dedc32817f0,40
485636937677,MEMORY,alloc,40,0x5dedc3281820,40
485636937877,MEMORY,alloc,40,0x5dedc3281850,40
485636940328,MEMORY,alloc,22,0x5dedc3281880,22
485636941563,MEMORY,alloc,40,0x5dedc32818a0,40
485636941843,MEMORY,alloc,40,0x5dedc32818d0,40
485636942072,MEMORY,alloc,40,0x5dedc3281900,40
485636942358,MEMORY,alloc,40,0x5dedc3281930,40
485636942596,MEMORY,alloc,40,0x5dedc3281960,40
485636942812,MEMORY,alloc,40,0x5dedc3281990,40
485636943007,MEMORY,alloc,40,0x5dedc32819c0,40
485636943248,MEMORY,alloc,40,0x5dedc32819f0,40
485636943560,MEMORY,alloc,40,0x5dedc3281a20,40
485636943763,MEMORY,alloc,40,0x5dedc3281a50,40
485636944007,MEMORY,alloc,40,0x5dedc3281a80,40
485636944221,MEMORY,alloc,40,0x5dedc3281ab0,40
485636944473,MEMORY,alloc,40,0x5dedc3281ae0,40
485636944672,MEMORY,alloc,40,0x5dedc3281b10,40
485636944920,MEMORY,alloc,40,0x5dedc3281b40,40
485636945122,MEMORY,alloc,40,0x5dedc3281b70,40
485636945319,MEMORY,alloc,40,0x5dedc3281ba0,40
485636945507,MEMORY,alloc,40,0x5dedc3281bd0,40
485636945815,MEMORY,alloc,40,0x5dedc3281c00,40
485636946020,MEMORY,alloc,40,0x5dedc3281c30,40
485636946228,MEMORY,alloc,40,0x5dedc3281c60,40
485636946414,MEMORY,alloc,40,0x5dedc3281c90,40
485636946643,MEMORY,alloc,40,0x5dedc3281cc0,40
485636946852,MEMORY,alloc,40,0x5dedc3281cf0,40
485636947058,MEMORY,alloc,40,0x5dedc3281d20,40
485636947254,MEMORY,alloc,40,0x5dedc3281d50,40
485636947580,MEMORY,alloc,40,0x5dedc3281d80,40
485636947777,MEMORY,alloc,40,0x5dedc3281db0,40
485636947991,MEMORY,alloc,40,0x5dedc3281de0,40
485636948190,MEMORY,alloc,40,0x5dedc3281e10,40
485636948433,MEMORY,alloc,40,0x5dedc3281e40,40
485636948632,MEMORY,alloc,40,0x5dedc3281e70,40
485636948879,MEMORY,alloc,40,0x5dedc3281ea0,40
485636949076,MEMORY,alloc,40,0x5dedc3281ed0,40
485636949348,MEMORY,alloc,40,0x5dedc3281f00,40
485636949545,MEMORY,alloc,40,0x5dedc3281f30,40
485636949793,MEMORY,alloc,40,0x5dedc3281f60,40
485636949989,MEMORY,alloc,40,0x5dedc3281f90,40
485636950296,MEMORY,alloc,40,0x5dedc3281fc0,40
485636953565,MEMORY,alloc,40,0x5dedc3281ff0,40
485636953879,MEMORY,alloc,40,0x5dedc3282020,40
485636954066,MEMORY,alloc,40,0x5dedc3282050,40
485636954335,MEMORY,alloc,40,0x5dedc3282080,40
485636954535,MEMORY,alloc,40,0x5dedc32820b0,40
485636954780,MEMORY,alloc,40,0x5dedc32820e0,40
485636954979,MEMORY,alloc,40,0x5dedc3282110,40
485636955254,MEMORY,alloc,40,0x5dedc3282140,40
485636955446,MEMORY,alloc,40,0x5dedc3282170,40
485636955721,MEMORY,alloc,40,0x5dedc32821a0,40
485636955911,MEMORY,alloc,40,0x5dedc32821d0,40
485636956187,MEMORY,alloc,40,0x5dedc3282200,40
485636956384,MEMORY,alloc,40,0x5dedc3282230,40
485636956628,MEMORY,alloc,40,0x5dedc3282260,40
485636959885,MEMORY,alloc,40,0x5dedc3282290,40
485636960210,MEMORY,alloc,40,0x5dedc32822c0,40
485636960402,MEMORY,alloc,40,0x5dedc32822f0,40
485636960616,MEMORY,alloc,40,0x5dedc3282320,40
485636960812,MEMORY,alloc,40,0x5dedc3282350,40
485636961084,MEMORY,alloc,40,0x5dedc3282380,40
485636961349,MEMORY,alloc,40,0x5dedc32823b0,40
485636961590,MEMORY,alloc,40,0x5dedc32823e0,40
485636961793,MEMORY,alloc,40,0x5dedc3282410,40
485636962126,MEMORY,alloc,40,0x5dedc3282440,40
485636962324,MEMORY,alloc,40,0x5dedc3282470,40
485636962536,MEMORY,alloc,40,0x5dedc32824a0,40
485636962733,MEMORY,alloc,40,0x5dedc32824d0,40
485636963016,MEMORY,alloc,40,0x5dedc3282500,40
485636963213,MEMORY,alloc,40,0x5dedc3282530,40
485636963426,MEMORY,alloc,40,0x5dedc3282560,40
485636963626,MEMORY,alloc,40,0x5dedc3282590,40
485636963936,MEMORY,alloc,40,0x5dedc32825c0,40
485636964129,MEMORY,alloc,40,0x5dedc32825f0,40
485636964346,MEMORY,alloc,40,0x5dedc3282620,40
485636964543,MEMORY,alloc,40,0x5dedc3282650,40
485636964820,MEMORY,alloc,40,0x5dedc3282680,40
485636965062,MEMORY,alloc,40,0x5dedc32826b0,40
485636965274,MEMORY,alloc,40,0x5dedc32826e0,40
485636965474,MEMORY,alloc,40,0x5dedc3282710,40
485636965855,MEMORY,alloc,40,0x5dedc3282740,40
485636966050,MEMORY,alloc,40,0x5dedc3282770,40
485636966265,MEMORY,alloc,40,0x5dedc32827a0,40
485636966473,MEMORY,alloc,40,0x5dedc32827d0,40
485636966755,MEMORY,alloc,40,0x5dedc3282800,40
485636966954,MEMORY,alloc,40,0x5dedc3282830,40
485636967197,MEMORY,alloc,40,0x5dedc3282860,40
485636967395,MEMORY,alloc,40,0x5dedc3282890,40
485636967691,MEMORY,alloc,40,0x5dedc32828c0,40
485636967894,MEMORY,alloc,40,0x5dedc32828f0,40
485636968107,MEMORY,alloc,40,0x5dedc3282920,40
485636968306,MEMORY,alloc,40,0x5dedc3282950,40
485636968584,MEMORY,alloc,40,0x5dedc3282980,40
485636968782,MEMORY,alloc,40,0x5dedc32829b0,40
485636968996,MEMORY,alloc,40,0x5dedc32829e0,40
485636969190,MEMORY,alloc,40,0x5dedc3282a10,40
485636969509,MEMORY,alloc,40,0x5dedc3282a40,40
485636969704,MEMORY,alloc,40,0x5dedc3282a70,40
485636969949,MEMORY,alloc,40,0x5dedc3282aa0,40
485636970146,MEMORY,alloc,40,0x5dedc3282ad0,40
485636970431,MEMORY,alloc,40,0x5dedc3282b00,40
485636970629,MEMORY,alloc,40,0x5dedc3282b30,40
485636970845,MEMORY,alloc,40,0x5dedc3282b60,40
485636971045,MEMORY,alloc,40,0x5dedc3282b90,40
485636971351,MEMORY,alloc,40,0x5dedc3282bc0,40
485636971550,MEMORY,alloc,40,0x5dedc3282bf0,40
485636971765,MEMORY,alloc,40,0x5dedc3282c20,40
485636971965,MEMORY,alloc,40,0x5dedc3282c50,40
485636972243,MEMORY,alloc,40,0x5dedc3282c80,40
485636972440,MEMORY,alloc,40,0x5dedc3282cb0,40
485636972655,MEMORY,alloc,40,0x5dedc3282ce0,40
485636972852,MEMORY,alloc,40,0x5dedc3282d10,40
485636973179,MEMORY,alloc,40,0x5dedc3282d40,40
485636973409,MEMORY,alloc,40,0x5dedc3282d70,40
485636973631,MEMORY,alloc,40,0x5dedc3282da0,40
485636973834,MEMORY,alloc,40,0x5dedc3282dd0,40
485636974104,MEMORY,alloc,40,0x5dedc3282e00,40
485636974300,MEMORY,alloc,40,0x5dedc3282e30,40
485636974539,MEMORY,alloc,40,0x5dedc3282e60,40
485636974770,MEMORY,alloc,40,0x5dedc3282e90,40
485636975084,MEMORY,alloc,40,0x5dedc3282ec0,40
485636975285,MEMORY,alloc,40,0x5dedc3282ef0,40
485636975550,MEMORY,alloc,40,0x5dedc3282f20,40
485636975744,MEMORY,alloc,40,0x5dedc3282f50,40
485636976024,MEMORY,alloc,40,0x5dedc3282f80,40
485636976235,MEMORY,alloc,40,0x5dedc3282fb0,40
485636979376,MEMORY,alloc,40,0x5dedc3282fe0,40
485636979648,MEMORY,alloc,40,0x5dedc3283010,40
485636980001,MEMORY,alloc,40,0x5dedc3283040,40
485636980198,MEMORY,alloc,40,0x5dedc3283070,40
485636980410,MEMORY,alloc,40,0x5dedc32830a0,40
485636980618,MEMORY,alloc,40,0x5dedc32830d0,40
485636980867,MEMORY,alloc,40,0x5dedc3283100,40
485636981061,MEMORY,alloc,40,0x5dedc3283130,40
485636981264,MEMORY,alloc,40,0x5dedc3283160,40
485636981446,MEMORY,alloc,40,0x5dedc3283190,40
485636981751,MEMORY,alloc,40,0x5dedc32831c0,40
485636981934,MEMORY,alloc,40,0x5dedc32831f0,40
485636982137,MEMORY,alloc,40,0x5dedc3283220,40
485636982323,MEMORY,alloc,40,0x5dedc3283250,40
485636982566,MEMORY,alloc,40,0x5dedc3283280,40
485636986420,MEMORY,alloc,40,0x5dedc32832b0,40
485636986667,MEMORY,alloc,40,0x5dedc32832e0,40
485636986859,MEMORY,alloc,40,0x5dedc3283310,40
485636987250,MEMORY,alloc,40,0x5dedc3283340,40
485636987445,MEMORY,alloc,40,0x5dedc3283370,40
485636987678,MEMORY,alloc,40,0x5dedc32833a0,40
485636987909,MEMORY,alloc,40,0x5dedc32833d0,40
485636988160,MEMORY,alloc,40,0x5dedc3283400,40
485636988399,MEMORY,alloc,40,0x5dedc3283430,40
485636988644,MEMORY,alloc,40,0x5dedc3283460,40
485636988839,MEMORY,alloc,40,0x5dedc3283490,40
485636989151,MEMORY,alloc,40,0x5dedc32834c0,40
485636989348,MEMORY,alloc,40,0x5dedc32834f0,40
485636989597,MEMORY,alloc,40,0x5dedc3283520,40
485636989792,MEMORY,alloc,40,0x5dedc3283550,40
485636990042,MEMORY,alloc,40,0x5dedc3283580,40
485636990245,MEMORY,alloc,40,0x5dedc32835b0,40
485636990492,MEMORY,alloc,40,0x5dedc32835e0,40
485636990689,MEMORY,alloc,40,0x5dedc3283610,40
485636991093,MEMORY,alloc,40,0x5dedc3283640,40
485636991288,MEMORY,alloc,40,0x5dedc3283670,40
485636991534,MEMORY,alloc,40,0x5dedc32836a0,40
485636991729,MEMORY,alloc,40,0x5dedc32836d0,40
485636991981,MEMORY,alloc,40,0x5dedc3283700,40
485636992223,MEMORY,alloc,40,0x5dedc3283730,40
485636992472,MEMORY,alloc,40,0x5dedc3283760,40
485636992712,MEMORY,alloc,40,0x5dedc3283790,40
485636993024,MEMORY,alloc,40,0x5dedc32837c0,40
485636993234,MEMORY,alloc,40,0x5dedc32837f0,40
485636994156,MEMORY,alloc,22,0x5dedc3283820,22
485637286168,MEMORY,alloc,40,0x5dedc3283840,40
485637286549,MEMORY,alloc,40,0x5dedc3283870,40
485637286788,MEMORY,alloc,40,0x5dedc32838a0,40
485637287107,MEMORY,alloc,40,0x5dedc32838d0,40
485637287295,MEMORY,alloc,40,0x5dedc3283900,40
485637287493,MEMORY,alloc,40,0x5dedc3283930,40
485637287721,MEMORY,alloc,40,0x5dedc3283960,40
485637287917,MEMORY,alloc,40,0x5dedc3283990,40
485637288220,MEMORY,alloc,40,0x5dedc32839c0,40
485637288417,MEMORY,alloc,40,0x5dedc32839f0,40
485637288673,MEMORY,alloc,40,0x5dedc3283a20,40
485637288868,MEMORY,alloc,40,0x5dedc3283a50,40
485637289105,MEMORY,alloc,40,0x5dedc3283a80,40
485637289335,MEMORY,alloc,40,0x5dedc3283ab0,40
485637289599,MEMORY,alloc,40,0x5dedc3283ae0,40
485637289798,MEMORY,alloc,40,0x5dedc3283b10,40
485637290042,MEMORY,alloc,40,0x5dedc3283b40,40
485637290239,MEMORY,alloc,40,0x5dedc3283b70,40
485637290534,MEMORY,alloc,40,0x5dedc3283ba0,40
485637290730,MEMORY,alloc,40,0x5dedc3283bd0,40
485637290970,MEMORY,alloc,40,0x5dedc3283c00,40
485637291170,MEMORY,alloc,40,0x5dedc3283c30,40
485637291484,MEMORY,alloc,40,0x5dedc3283c60,40
485637291686,MEMORY,alloc,40,0x5dedc3283c90,40
485637291928,MEMORY,alloc,40,0x5dedc3283cc0,40
485637292129,MEMORY,alloc,40,0x5dedc3283cf0,40
485637292417,MEMORY,alloc,40,0x5dedc3283d20,40
485637292618,MEMORY,alloc,40,0x5dedc3283d50,40
485637292855,MEMORY,alloc,40,0x5dedc3283d80,40
485637293045,MEMORY,alloc,40,0x5dedc3283db0,40
485637293334,MEMORY,alloc,40,0x5dedc3283de0,40
485637293534,MEMORY,alloc,40,0x5dedc3283e10,40
485637293777,MEMORY,alloc,40,0x5dedc3283e40,40
485637293967,MEMORY,alloc,40,0x5dedc3283e70,40
485637294212,MEMORY,alloc,40,0x5dedc3283ea0,40
485637294409,MEMORY,alloc,40,0x5dedc3283ed0,40
485637294651,MEMORY,alloc,40,0x5dedc3283f00,40
485637294848,MEMORY,alloc,40,0x5dedc3283f30,40
485637295145,MEMORY,alloc,40,0x5dedc3283f60,40
485637295340,MEMORY,alloc,40,0x5dedc3283f90,40
485637295571,MEMORY,alloc,40,0x5dedc3283fc0,40
485637301159,MEMORY,alloc,40,0x5dedc3283ff0,40
485637301521,MEMORY,alloc,40,0x5dedc3284020,40
485637301724,MEMORY,alloc,40,0x5dedc3284050,40
485637301978,MEMORY,alloc,40,0x5dedc3284080,40
485637302179,MEMORY,alloc,40,0x5dedc32840b0,40
485637302512,MEMORY,alloc,40,0x5dedc32840e0,40
485637302709,MEMORY,alloc,40,0x5dedc3284110,40
485637302962,MEMORY,alloc,40,0x5dedc3284140,40
485637303155,MEMORY,alloc,40,0x5dedc3284170,40
485637303432,MEMORY,alloc,40,0x5dedc32841a0,40
485637303619,MEMORY,alloc,40,0x5dedc32841d0,40
485637303854,MEMORY,alloc,40,0x5dedc3284200,40
485637304042,MEMORY,alloc,40,0x5dedc3284230,40
485637304326,MEMORY,alloc,40,0x5dedc3284260,40
485637308009,MEMORY,alloc,40,0x5dedc3284290,40
485637308208,MEMORY,alloc,40,0x5dedc32842c0,40
485637308443,MEMORY,alloc,40,0x5dedc32842f0,40
485637308697,MEMORY,alloc,40,0x5dedc3284320,40
485637308893,MEMORY,alloc,40,0x5dedc3284350,40
485637309140,MEMORY,alloc,40,0x5dedc3284380,40
485637309339,MEMORY,alloc,40,0x5dedc32843b0,40
485637309703,MEMORY,alloc,40,0x5dedc32843e0,40
485637309900,MEMORY,alloc,40,0x5dedc3284410,40
485637310148,MEMORY,alloc,40,0x5dedc3284440,40
485637310390,MEMORY,alloc,40,0x5dedc3284470,40
485637310690,MEMORY,alloc,40,0x5dedc32844a0,40
485637310889,MEMORY,alloc,40,0x5dedc32844d0,40
485637311136,MEMORY,alloc,40,0x5dedc3284500,40
485637311334,MEMORY,alloc,40,0x5dedc3284530,40
485637311626,MEMORY,alloc,40,0x5dedc3284560,40
485637311825,MEMORY,alloc,40,0x5dedc3284590,40
485637312075,MEMORY,alloc,40,0x5dedc32845c0,40
485637312268,MEMORY,alloc,40,0x5dedc32845f0,40
485637312539,MEMORY,alloc,40,0x5dedc3284620,40
485637312731,MEMORY,alloc,40,0x5dedc3284650,40
485637312974,MEMORY,alloc,40,0x5dedc3284680,40
485637313164,MEMORY,alloc,40,0x5dedc32846b0,40
485637313536,MEMORY,alloc,40,0x5dedc32846e0,40
485637313728,MEMORY,alloc,40,0x5dedc3284710,40
485637313931,MEMORY,alloc,40,0x5dedc3284740,40
485637314168,MEMORY,alloc,40,0x5dedc3284770,40
485637314446,MEMORY,alloc,40,0x5dedc32847a0,40
485637314659,MEMORY,alloc,40,0x5dedc32847d0,40
485637314880,MEMORY,alloc,40,0x5dedc3284800,40
485637315075,MEMORY,alloc,40,0x5dedc3284830,40
485637315339,MEMORY,alloc,40,0x5dedc3284860,40
485637315529,MEMORY,alloc,40,0x5dedc3284890,40
485637315765,MEMORY,alloc,40,0x5dedc32848c0,40
485637316003,MEMORY,alloc,40,0x5dedc32848f0,40
485637316273,MEMORY,alloc,40,0x5dedc3284920,40
485637316465,MEMORY,alloc,40,0x5dedc3284950,40
485637316702,MEMORY,alloc,40,0x5dedc3284980,40
485637316897,MEMORY,alloc,40,0x5dedc32849b0,40
485637317221,MEMORY,alloc,40,0x5dedc32849e0,40
485637317412,MEMORY,alloc,40,0x5dedc3284a10,40
485637317667,MEMORY,alloc,40,0x5dedc3284a40,40
485637317860,MEMORY,alloc,40,0x5dedc3284a70,40
485637318128,MEMORY,alloc,40,0x5dedc3284aa0,40
485637318320,MEMORY,alloc,40,0x5dedc3284ad0,40
485637318601,MEMORY,alloc,40,0x5dedc3284b00,40
485637318834,MEMORY,alloc,40,0x5dedc3284b30,40
485637319103,MEMORY,alloc,40,0x5dedc3284b60,40
485637319302,MEMORY,alloc,40,0x5dedc3284b90,40
485637319549,MEMORY,alloc,40,0x5dedc3284bc0,40
485637319751,MEMORY,alloc,40,0x5dedc3284bf0,40
485637320014,MEMORY,alloc,40,0x5dedc3284c20,40
485637320215,MEMORY,alloc,40,0x5dedc3284c50,40
485637320473,MEMORY,alloc,40,0x5dedc3284c80,40
485637320670,MEMORY,alloc,40,0x5dedc3284cb0,40
485637321001,MEMORY,alloc,40,0x5dedc3284ce0,40
485637321200,MEMORY,alloc,40,0x5dedc3284d10,40
485637321412,MEMORY,alloc,40,0x5dedc3284d40,40
485637321640,MEMORY,alloc,40,0x5dedc3284d70,40
485637321917,MEMORY,alloc,40,0x5dedc3284da0,40
485637322117,MEMORY,alloc,40,0x5dedc3284dd0,40
485637322321,MEMORY,alloc,40,0x5dedc3284e00,40
485637322556,MEMORY,alloc,40,0x5dedc3284e30,40
485637322851,MEMORY,alloc,40,0x5dedc3284e60,40
485637323050,MEMORY,alloc,40,0x5dedc3284e90,40
485637323262,MEMORY,alloc,40,0x5dedc3284ec0,40
485637323497,MEMORY,alloc,40,0x5dedc3284ef0,40
485637323789,MEMORY,alloc,40,0x5dedc3284f20,40
485637323984,MEMORY,alloc,40,0x5dedc3284f50,40
485637324213,MEMORY,alloc,40,0x5dedc3284f80,40
485637324408,MEMORY,alloc,40,0x5dedc3284fb0,40
485637327628,MEMORY,alloc,40,0x5dedc3284fe0,40
485637327867,MEMORY,alloc,40,0x5dedc3285010,40
485637328070,MEMORY,alloc,40,0x5dedc3285040,40
485637328264,MEMORY,alloc,40,0x5dedc3285070,40
485637328537,MEMORY,alloc,40,0x5dedc32850a0,40
485637328770,MEMORY,alloc,40,0x5dedc32850d0,40
485637329017,MEMORY,alloc,40,0x5dedc3285100,40
485637329214,MEMORY,alloc,40,0x5dedc3285130,40
485637329515,MEMORY,alloc,40,0x5dedc3285160,40
485637329733,MEMORY,alloc,40,0x5dedc3285190,40
485637329992,MEMORY,alloc,40,0x5dedc32851c0,40
485637330184,MEMORY,alloc,40,0x5dedc32851f0,40
485637330455,MEMORY,alloc,40,0x5dedc3285220,40
485637330660,MEMORY,alloc,40,0x5dedc3285250,40
485637333845,MEMORY,alloc,40,0x5dedc3285280,40
485637334033,MEMORY,alloc,40,0x5dedc32852b0,40
485637334375,MEMORY,alloc,40,0x5dedc32852e0,40
485637334571,MEMORY,alloc,40,0x5dedc3285310,40
485637334810,MEMORY,alloc,40,0x5dedc3285340,40
485637334995,MEMORY,alloc,40,0x5dedc3285370,40
485637335264,MEMORY,alloc,40,0x5dedc32853a0,40
485637335458,MEMORY,alloc,40,0x5dedc32853d0,40
485637335691,MEMORY,alloc,40,0x5dedc3285400,40
485637335885,MEMORY,alloc,40,0x5dedc3285430,40
485637336166,MEMORY,alloc,40,0x5dedc3285460,40
485637336358,MEMORY,alloc,40,0x5dedc3285490,40
485637336597,MEMORY,alloc,40,0x5dedc32854c0,40
485637336832,MEMORY,alloc,40,0x5dedc32854f0,40
485637337100,MEMORY,alloc,40,0x5dedc3285520,40
485637337292,MEMORY,alloc,40,0x5dedc3285550,40
485637337533,MEMORY,alloc,40,0x5dedc3285580,40
485637337733,MEMORY,alloc,40,0x5dedc32855b0,40
485637338106,MEMORY,alloc,40,0x5dedc32855e0,40
485637338297,MEMORY,alloc,40,0x5dedc3285610,40
485637338536,MEMORY,alloc,40,0x5dedc3285640,40
485637338732,MEMORY,alloc,40,0x5dedc3285670,40
485637339000,MEMORY,alloc,40,0x5dedc32856a0,40
485637339195,MEMORY,alloc,40,0x5dedc32856d0,40
485637339431,MEMORY,alloc,40,0x5dedc3285700,40
485637339627,MEMORY,alloc,40,0x5dedc3285730,40
485637339903,MEMORY,alloc,40,0x5dedc3285760,40
485637340095,MEMORY,alloc,40,0x5dedc3285790,40
485637351180,MEMORY,alloc,47,0x5dedc32857c0,47
485637353103,MEMORY,alloc,22,0x5dedc3285800,22
485637353799,MEMORY,alloc,40,0x5dedc3285820,40
485637354014,MEMORY,alloc,40,0x5dedc3285850,40
485637354239,MEMORY,alloc,40,0x5dedc3285880,40
485637354422,MEMORY,alloc,40,0x5dedc32858b0,40
485637354616,MEMORY,alloc,40,0x5dedc32858e0,40
485637354808,MEMORY,alloc,40,0x5dedc3285910,40
485637355033,MEMORY,alloc,40,0x5dedc3285940,40
485637355226,MEMORY,alloc,40,0x5dedc3285970,40
485637355454,MEMORY,alloc,40,0x5dedc32859a0,40
485637355636,MEMORY,alloc,40,0x5dedc32859d0,40
485637355886,MEMORY,alloc,40,0x5dedc3285a00,40
485637356078,MEMORY,alloc,40,0x5dedc3285a30,40
485637356286,MEMORY,alloc,40,0x5dedc3285a60,40
485637356480,MEMORY,alloc,40,0x5dedc3285a90,40
485637356754,MEMORY,alloc,40,0x5dedc3285ac0,40
485637356963,MEMORY,alloc,40,0x5dedc3285af0,40
485637357199,MEMORY,alloc,40,0x5dedc3285b20,40
485637357415,MEMORY,alloc,40,0x5dedc3285b50,40
485637357710,MEMORY,alloc,40,0x5dedc3285b80,40
485637357904,MEMORY,alloc,40,0x5dedc3285bb0,40
485637358157,MEMORY,alloc,40,0x5dedc3285be0,40
485637358385,MEMORY,alloc,40,0x5dedc3285c10,40
485637358683,MEMORY,alloc,40,0x5dedc3285c40,40
485637358879,MEMORY,alloc,40,0x5dedc3285c70,40
485637359127,MEMORY,alloc,40,0x5dedc3285ca0,40
485637359324,MEMORY,alloc,40,0x5dedc3285cd0,40
485637359607,MEMORY,alloc,40,0x5dedc3285d00,40
485637359805,MEMORY,alloc,40,0x5dedc3285d30,40
485637360066,MEMORY,alloc,40,0x5dedc3285d60,40
485637360266,MEMORY,alloc,40,0x5dedc3285d90,40
485637360574,MEMORY,alloc,40,0x5dedc3285dc0,40
485637360769,MEMORY,alloc,40,0x5dedc3285df0,40
485637361029,MEMORY,alloc,40,0x5dedc3285e20,40
485637361246,MEMORY,alloc,40,0x5dedc3285e50,40
485637361525,MEMORY,alloc,40,0x5dedc3285e80,40
485637361728,MEMORY,alloc,40,0x5dedc3285eb0,40
485637361970,MEMORY,alloc,40,0x5dedc3285ee0,40
485637362163,MEMORY,alloc,40,0x5dedc3285f10,40
485637362496,MEMORY,alloc,40,0x5dedc3285f40,40
485637362692,MEMORY,alloc,40,0x5dedc3285f70,40
485637362907,MEMORY,alloc,40,0x5dedc3285fa0,40
485637363103,MEMORY,alloc,40,0x5dedc3285fd0,40
485637366433,MEMORY,alloc,40,0x5dedc3286000,40
485637366679,MEMORY,alloc,40,0x5dedc3286030,40
485637366893,MEMORY,alloc,40,0x5dedc3286060,40
485637367088,MEMORY,alloc,40,0x5dedc3286090,40
485637367379,MEMORY,alloc,40,0x5dedc32860c0,40
485637367643,MEMORY,alloc,40,0x5dedc32860f0,40
485637367891,MEMORY,alloc,40,0x5dedc3286120,40
485637368097,MEMORY,alloc,40,0x5dedc3286150,40
485637368377,MEMORY,alloc,40,0x5dedc3286180,40
485637368576,MEMORY,alloc,40,0x5dedc32861b0,40
485637368824,MEMORY,alloc,40,0x5dedc32861e0,40
485637369018,MEMORY,alloc,40,0x5dedc3286210,40
485637369288,MEMORY,alloc,40,0x5dedc3286240,40
485637369483,MEMORY,alloc,40,0x5dedc3286270,40
485637372852,MEMORY,alloc,40,0x5dedc32862a0,40
485637373049,MEMORY,alloc,40,0x5dedc32862d0,40
485637373313,MEMORY,alloc,40,0x5dedc3286300,40
485637373509,MEMORY,alloc,40,0x5dedc3286330,40
485637373740,MEMORY,alloc,40,0x5dedc3286360,40
485637373977,MEMORY,alloc,40,0x5dedc3286390,40
485637374324,MEMORY,alloc,40,0x5dedc32863c0,40
485637374521,MEMORY,alloc,40,0x5dedc32863f0,40
485637374766,MEMORY,alloc,40,0x5dedc3286420,40
485637374965,MEMORY,alloc,40,0x5dedc3286450,40
485637375244,MEMORY,alloc,40,0x5dedc3286480,40
485637375445,MEMORY,alloc,40,0x5dedc32864b0,40
485637375691,MEMORY,alloc,40,0x5dedc32864e0,40
485637375889,MEMORY,alloc,40,0x5dedc3286510,40
485637376199,MEMORY,alloc,40,0x5dedc3286540,40
485637376394,MEMORY,alloc,40,0x5dedc3286570,40
485637376605,MEMORY,alloc,40,0x5dedc32865a0,40
485637376815,MEMORY,alloc,40,0x5dedc32865d0,40
485637377094,MEMORY,alloc,40,0x5dedc3286600,40
485637377293,MEMORY,alloc,40,0x5dedc3286630,40
485637377505,MEMORY,alloc,40,0x5dedc3286660,40
485637377701,MEMORY,alloc,40,0x5dedc3286690,40
485637378049,MEMORY,alloc,40,0x5dedc32866c0,40
485637378285,MEMORY,alloc,40,0x5dedc32866f0,40
485637378496,MEMORY,alloc,40,0x5dedc3286720,40
485637378699,MEMORY,alloc,40,0x5dedc3286750,40
485637378977,MEMORY,alloc,40,0x5dedc3286780,40
485637379182,MEMORY,alloc,40,0x5dedc32867b0,40
485637379441,MEMORY,alloc,40,0x5dedc32867e0,40
485637379640,MEMORY,alloc,40,0x5dedc3286810,40
485637379902,MEMORY,alloc,40,0x5dedc3286840,40
485637380101,MEMORY,alloc,40,0x5dedc3286870,40
485637380347,MEMORY,alloc,40,0x5dedc32868a0,40
485637380543,MEMORY,alloc,40,0x5dedc32868d0,40
485637380824,MEMORY,alloc,40,0x5dedc3286900,40
485637381019,MEMORY,alloc,40,0x5dedc3286930,40
485637381267,MEMORY,alloc,40,0x5dedc3286960,40
485637381462,MEMORY,alloc,40,0x5dedc3286990,40
485637381796,MEMORY,alloc,40,0x5dedc32869c0,40
485637381996,MEMORY,alloc,40,0x5dedc32869f0,40
485637382242,MEMORY,alloc,40,0x5dedc3286a20,40
485637382440,MEMORY,alloc,40,0x5dedc3286a50,40
485637382724,MEMORY,alloc,40,0x5dedc3286a80,40
485637382921,MEMORY,alloc,40,0x5dedc3286ab0,40
485637383207,MEMORY,alloc,40,0x5dedc3286ae0,40
485637383407,MEMORY,alloc,40,0x5dedc3286b10,40
485637383717,MEMORY,alloc,40,0x5dedc3286b40,40
485637383918,MEMORY,alloc,40,0x5dedc3286b70,40
485637384165,MEMORY,alloc,40,0x5dedc3286ba0,40
485637384360,MEMORY,alloc,40,0x5dedc3286bd0,40
485637384638,MEMORY,alloc,40,0x5dedc3286c00,40
485637384837,MEMORY,alloc,40,0x5dedc3286c30,40
485637385126,MEMORY,alloc,40,0x5dedc3286c60,40
485637385326,MEMORY,alloc,40,0x5dedc3286c90,40
485637385630,MEMORY,alloc,40,0x5dedc3286cc0,40
485637385829,MEMORY,alloc,40,0x5dedc3286cf0,40
485637386076,MEMORY,alloc,40,0x5dedc3286d20,40
485637386277,MEMORY,alloc,40,0x5dedc3286d50,40
485637386579,MEMORY,alloc,40,0x5dedc3286d80,40
485637386778,MEMORY,alloc,40,0x5dedc3286db0,40
485637387022,MEMORY,alloc,40,0x5dedc3286de0,40
485637387217,MEMORY,alloc,40,0x5dedc3286e10,40
485637387528,MEMORY,alloc,40,0x5dedc3286e40,40
485637387771,MEMORY,alloc,40,0x5dedc3286e70,40
485637387988,MEMORY,alloc,40,0x5dedc3286ea0,40
485637388187,MEMORY,alloc,40,0x5dedc3286ed0,40
485637388482,MEMORY,alloc,40,0x5dedc3286f00,40
485637388693,MEMORY,alloc,40,0x5dedc3286f30,40
485637388916,MEMORY,alloc,40,0x5dedc3286f60,40
485637389113,MEMORY,alloc,40,0x5dedc3286f90,40
485637389471,MEMORY,alloc,40,0x5dedc3286fc0,40
485637392495,MEMORY,alloc,40,0x5dedc3286ff0,40
485637392777,MEMORY,alloc,40,0x5dedc3287020,40
485637392973,MEMORY,alloc,40,0x5dedc3287050,40
485637393253,MEMORY,alloc,40,0x5dedc3287080,40
485637393441,MEMORY,alloc,40,0x5dedc32870b0,40
485637393680,MEMORY,alloc,40,0x5dedc32870e0,40
485637393878,MEMORY,alloc,40,0x5dedc3287110,40
485637394188,MEMORY,alloc,40,0x5dedc3287140,40
485637394378,MEMORY,alloc,40,0x5dedc3287170,40
485637394618,MEMORY,alloc,40,0x5dedc32871a0,40
485637394810,MEMORY,alloc,40,0x5dedc32871d0,40
485637395084,MEMORY,alloc,40,0x5dedc3287200,40
485637395277,MEMORY,alloc,40,0x5dedc3287230,40
485637395512,MEMORY,alloc,40,0x5dedc3287260,40
485637398675,MEMORY,alloc,40,0x5dedc3287290,40
485637398979,MEMORY,alloc,40,0x5dedc32872c0,40
485637399251,MEMORY,alloc,40,0x5dedc32872f0,40
485637399459,MEMORY,alloc,40,0x5dedc3287320,40
485637399656,MEMORY,alloc,40,0x5dedc3287350,40
485637399906,MEMORY,alloc,40,0x5dedc3287380,40
485637400099,MEMORY,alloc,40,0x5dedc32873b0,40
485637400312,MEMORY,alloc,40,0x5dedc32873e0,40
485637400509,MEMORY,alloc,40,0x5dedc3287410,40
485637400784,MEMORY,alloc,40,0x5dedc3287440,40
485637400974,MEMORY,alloc,40,0x5dedc3287470,40
485637401180,MEMORY,alloc,40,0x5dedc32874a0,40
485637401370,MEMORY,alloc,40,0x5dedc32874d0,40
485637401615,MEMORY,alloc,40,0x5dedc3287500,40
485637401846,MEMORY,alloc,40,0x5dedc3287530,40
485637402095,MEMORY,alloc,40,0x5dedc3287560,40
485637402295,MEMORY,alloc,40,0x5dedc3287590,40
485637402626,MEMORY,alloc,40,0x5dedc32875c0,40
485637402823,MEMORY,alloc,40,0x5dedc32875f0,40
485637403068,MEMORY,alloc,40,0x5dedc3287620,40
485637403265,MEMORY,alloc,40,0x5dedc3287650,40
485637403517,MEMORY,alloc,40,0x5dedc3287680,40
485637403707,MEMORY,alloc,40,0x5dedc32876b0,40
485637403943,MEMORY,alloc,40,0x5dedc32876e0,40
485637404137,MEMORY,alloc,40,0x5dedc3287710,40
485637404390,MEMORY,alloc,40,0x5dedc3287740,40
485637404648,MEMORY,alloc,40,0x5dedc3287770,40
485637405254,MEMORY,alloc,22,0x5dedc32877a0,22
485637405751,MEMORY,alloc,40,0x5dedc32877c0,40
485637405956,MEMORY,alloc,40,0x5dedc32877f0,40
485637406131,MEMORY,alloc,40,0x5dedc3287820,40
485637406318,MEMORY,alloc,40,0x5dedc3287850,40
485637406535,MEMORY,alloc,40,0x5dedc3287880,40
485637406727,MEMORY,alloc,40,0x5dedc32878b0,40
485637406953,MEMORY,alloc,40,0x5dedc32878e0,40
485637407146,MEMORY,alloc,40,0x5dedc3287910,40
485637407410,MEMORY,alloc,40,0x5dedc3287940,40
485637407620,MEMORY,alloc,40,0x5dedc3287970,40
485637407872,MEMORY,alloc,40,0x5dedc32879a0,40
485637408065,MEMORY,alloc,40,0x5dedc32879d0,40
485637408346,MEMORY,alloc,40,0x5dedc3287a00,40
485637408576,MEMORY,alloc,40,0x5dedc3287a30,40
485637408867,MEMORY,alloc,40,0x5dedc3287a60,40
485637409059,MEMORY,alloc,40,0x5dedc3287a90,40
485637409263,MEMORY,alloc,40,0x5dedc3287ac0,40
485637409469,MEMORY,alloc,40,0x5dedc3287af0,40
485637409729,MEMORY,alloc,40,0x5dedc3287b20,40
485637409923,MEMORY,alloc,40,0x5dedc3287b50,40
485637410156,MEMORY,alloc,40,0x5dedc3287b80,40
485637410348,MEMORY,alloc,40,0x5dedc3287bb0,40
485637410603,MEMORY,alloc,40,0x5dedc3287be0,40
485637410790,MEMORY,alloc,40,0x5dedc3287c10,40
485637411073,MEMORY,alloc,40,0x5dedc3287c40,40
485637411258,MEMORY,alloc,40,0x5dedc3287c70,40
485637411495,MEMORY,alloc,40,0x5dedc3287ca0,40
485637411685,MEMORY,alloc,40,0x5dedc3287cd0,40
485637411921,MEMORY,alloc,40,0x5dedc3287d00,40
485637412149,MEMORY,alloc,40,0x5dedc3287d30,40
485637412444,MEMORY,alloc,40,0x5dedc3287d60,40
485637412647,MEMORY,alloc,40,0x5dedc3287d90,40
485637412906,MEMORY,alloc,40,0x5dedc3287dc0,40
485637413104,MEMORY,alloc,40,0x5dedc3287df0,40
485637413356,MEMORY,alloc,40,0x5dedc3287e20,40
485637413554,MEMORY,alloc,40,0x5dedc3287e50,40
485637413800,MEMORY,alloc,40,0x5dedc3287e80,40
485637413997,MEMORY,alloc,40,0x5dedc3287eb0,40
485637414323,MEMORY,alloc,40,0x5dedc3287ee0,40
485637414520,MEMORY,alloc,40,0x5dedc3287f10,40
485637414770,MEMORY,alloc,40,0x5dedc3287f40,40
485637414967,MEMORY,alloc,40,0x5dedc3287f70,40
485637415217,MEMORY,alloc,40,0x5dedc3287fa0,40
485637415414,MEMORY,alloc,40,0x5dedc3287fd0,40
485637418526,MEMORY,alloc,40,0x5dedc3288000,40
485637418800,MEMORY,alloc,40,0x5dedc3288030,40
485637419093,MEMORY,alloc,40,0x5dedc3288060,40
485637419290,MEMORY,alloc,40,0x5dedc3288090,40
485637419499,MEMORY,alloc,40,0x5dedc32880c0,40
485637419689,MEMORY,alloc,40,0x5dedc32880f0,40
485637419929,MEMORY,alloc,40,0x5dedc3288120,40
485637420158,MEMORY,alloc,40,0x5dedc3288150,40
485637420375,MEMORY,alloc,40,0x5dedc3288180,40
485637420565,MEMORY,alloc,40,0x5dedc32881b0,40
485637420864,MEMORY,alloc,40,0x5dedc32881e0,40
485637421060,MEMORY,alloc,40,0x5dedc3288210,40
485637421268,MEMORY,alloc,40,0x5dedc3288240,40
485637424586,MEMORY,alloc,40,0x5dedc3288270,40
485637424877,MEMORY,alloc,40,0x5dedc32882a0,40
485637425114,MEMORY,alloc,40,0x5dedc32882d0,40
485637425328,MEMORY,alloc,40,0x5dedc3288300,40
485637425527,MEMORY,alloc,40,0x5dedc3288330,40
485637425870,MEMORY,alloc,40,0x5dedc3288360,40
485637426068,MEMORY,alloc,40,0x5dedc3288390,40
485637426283,MEMORY,alloc,40,0x5dedc32883c0,40
485637426478,MEMORY,alloc,40,0x5dedc32883f0,40
485637426732,MEMORY,alloc,40,0x5dedc3288420,40
485637426926,MEMORY,alloc,40,0x5dedc3288450,40
485637427134,MEMORY,alloc,40,0x5dedc3288480,40
485637427333,MEMORY,alloc,40,0x5dedc32884b0,40
485637427612,MEMORY,alloc,40,0x5dedc32884e0,40
485637427800,MEMORY,alloc,40,0x5dedc3288510,40
485637428003,MEMORY,alloc,40,0x5dedc3288540,40
485637428197,MEMORY,alloc,40,0x5dedc3288570,40
485637428484,MEMORY,alloc,40,0x5dedc32885a0,40
485637428672,MEMORY,alloc,40,0x5dedc32885d0,40
485637428915,MEMORY,alloc,40,0x5dedc3288600,40
485637429114,MEMORY,alloc,40,0x5dedc3288630,40
485637429473,MEMORY,alloc,40,0x5dedc3288660,40
485637429669,MEMORY,alloc,40,0x5dedc3288690,40
485637429913,MEMORY,alloc,40,0x5dedc32886c0,40
485637430143,MEMORY,alloc,40,0x5dedc32886f0,40
485637430389,MEMORY,alloc,40,0x5dedc3288720,40
485637430627,MEMORY,alloc,40,0x5dedc3288750,40
485637430875,MEMORY,alloc,40,0x5dedc3288780,40
485637431087,MEMORY,alloc,40,0x5dedc32887b0,40
485637431366,MEMORY,alloc,40,0x5dedc32887e0,40
485637431572,MEMORY,alloc,40,0x5dedc3288810,40
485637431812,MEMORY,alloc,40,0x5dedc3288840,40
485637432008,MEMORY,alloc,40,0x5dedc3288870,40
485637432227,MEMORY,alloc,40,0x5dedc32888a0,40
485637432419,MEMORY,alloc,40,0x5dedc32888d0,40
485637432693,MEMORY,alloc,40,0x5dedc3288900,40
485637432887,MEMORY,alloc,40,0x5dedc3288930,40
485637433206,MEMORY,alloc,40,0x5dedc3288960,40
485637433409,MEMORY,alloc,40,0x5dedc3288990,40
485637433614,MEMORY,alloc,40,0x5dedc32889c0,40
485637433808,MEMORY,alloc,40,0x5dedc32889f0,40
485637434054,MEMORY,alloc,40,0x5dedc3288a20,40
485637434280,MEMORY,alloc,40,0x5dedc3288a50,40
485637434492,MEMORY,alloc,40,0x5dedc3288a80,40
485637434683,MEMORY,alloc,40,0x5dedc3288ab0,40
485637434960,MEMORY,alloc,40,0x5dedc3288ae0,40
485637435158,MEMORY,alloc,40,0x5dedc3288b10,40
485637435395,MEMORY,alloc,40,0x5dedc3288b40,40
485637435592,MEMORY,alloc,40,0x5dedc3288b70,40
485637435844,MEMORY,alloc,40,0x5dedc3288ba0,40
485637436042,MEMORY,alloc,40,0x5dedc3288bd0,40
485637436328,MEMORY,alloc,40,0x5dedc3288c00,40
485637436522,MEMORY,alloc,40,0x5dedc3288c30,40
485637436839,MEMORY,alloc,40,0x5dedc3288c60,40
485637437036,MEMORY,alloc,40,0x5dedc3288c90,40
485637437247,MEMORY,alloc,40,0x5dedc3288cc0,40
485637437447,MEMORY,alloc,40,0x5dedc3288cf0,40
485637437690,MEMORY,alloc,40,0x5dedc3288d20,40
485637437886,MEMORY,alloc,40,0x5dedc3288d50,40
485637438169,MEMORY,alloc,40,0x5dedc3288d80,40
485637438366,MEMORY,alloc,40,0x5dedc3288db0,40
485637438648,MEMORY,alloc,40,0x5dedc3288de0,40
485637438845,MEMORY,alloc,40,0x5dedc3288e10,40
485637439092,MEMORY,alloc,40,0x5dedc3288e40,40
485637439322,MEMORY,alloc,40,0x5dedc3288e70,40
485637439538,MEMORY,alloc,40,0x5dedc3288ea0,40
485637439731,MEMORY,alloc,40,0x5dedc3288ed0,40
485637439981,MEMORY,alloc,40,0x5dedc3288f00,40
485637440186,MEMORY,alloc,40,0x5dedc3288f30,40
485637440559,MEMORY,alloc,40,0x5dedc3288f60,40
485637440758,MEMORY,alloc,40,0x5dedc3288f90,40
485637440980,MEMORY,alloc,40,0x5dedc3288fc0,40
485637444012,MEMORY,alloc,40,0x5dedc3288ff0,40
485637444424,MEMORY,alloc,40,0x5dedc3289020,40
485637444619,MEMORY,alloc,40,0x5dedc3289050,40
485637444841,MEMORY,alloc,40,0x5dedc3289080,40
485637445039,MEMORY,alloc,40,0x5dedc32890b0,40
485637445324,MEMORY,alloc,40,0x5dedc32890e0,40
485637445520,MEMORY,alloc,40,0x5dedc3289110,40
485637445739,MEMORY,alloc,40,0x5dedc3289140,40
485637445932,MEMORY,alloc,40,0x5dedc3289170,40
485637446202,MEMORY,alloc,40,0x5dedc32891a0,40
485637446397,MEMORY,alloc,40,0x5dedc32891d0,40
485637446600,MEMORY,alloc,40,0x5dedc3289200,40
485637446788,MEMORY,alloc,40,0x5dedc3289230,40
485637447158,MEMORY,alloc,40,0x5dedc3289260,40
485637450382,MEMORY,alloc,40,0x5dedc3289290,40
485637450636,MEMORY,alloc,40,0x5dedc32892c0,40
485637450831,MEMORY,alloc,40,0x5dedc32892f0,40
485637451113,MEMORY,alloc,40,0x5dedc3289320,40
485637451309,MEMORY,alloc,40,0x5dedc3289350,40
485637451550,MEMORY,alloc,40,0x5dedc3289380,40
485637451780,MEMORY,alloc,40,0x5dedc32893b0,40
485637452063,MEMORY,alloc,40,0x5dedc32893e0,40
485637452264,MEMORY,alloc,40,0x5dedc3289410,40
485637452511,MEMORY,alloc,40,0x5dedc3289440,40
485637452708,MEMORY,alloc,40,0x5dedc3289470,40
485637452958,MEMORY,alloc,40,0x5dedc32894a0,40
485637453155,MEMORY,alloc,40,0x5dedc32894d0,40
485637453405,MEMORY,alloc,40,0x5dedc3289500,40
485637453602,MEMORY,alloc,40,0x5dedc3289530,40
485637453927,MEMORY,alloc,40,0x5dedc3289560,40
485637454127,MEMORY,alloc,40,0x5dedc3289590,40
485637454371,MEMORY,alloc,40,0x5dedc32895c0,40
485637454568,MEMORY,alloc,40,0x5dedc32895f0,40
485637454799,MEMORY,alloc,40,0x5dedc3289620,40
485637454994,MEMORY,alloc,40,0x5dedc3289650,40
485637455241,MEMORY,alloc,40,0x5dedc3289680,40
485637455438,MEMORY,alloc,40,0x5dedc32896b0,40
485637455704,MEMORY,alloc,40,0x5dedc32896e0,40
485637455901,MEMORY,alloc,40,0x5dedc3289710,40
485637470501,MEMORY,alloc,34,0x5dedc3289740,34
485637471451,MEMORY,alloc,22,0x5dedc3289770,22
485637472899,MEMORY,alloc,40,0x5dedc3289790,40
485637473151,MEMORY,alloc,40,0x5dedc32897c0,40
485637473368,MEMORY,alloc,40,0x5dedc32897f0,40
485637473597,MEMORY,alloc,40,0x5dedc3289820,40
485637473808,MEMORY,alloc,40,0x5dedc3289850,40
485637474158,MEMORY,alloc,40,0x5dedc3289880,40
485637474477,MEMORY,alloc,40,0x5dedc32898b0,40
485637474799,MEMORY,alloc,40,0x5dedc32898e0,40
485637475189,MEMORY,alloc,40,0x5dedc3289910,40
485637475418,MEMORY,alloc,40,0x5dedc3289940,40
485637475688,MEMORY,alloc,40,0x5dedc3289970,40
485637475907,MEMORY,alloc,40,0x5dedc32899a0,40
485637476672,MEMORY,alloc,40,0x5dedc32899d0,40
485637476866,MEMORY,alloc,40,0x5dedc3289a00,40
485637477113,MEMORY,alloc,40,0x5dedc3289a30,40
485637477308,MEMORY,alloc,40,0x5dedc3289a60,40
485637477549,MEMORY,alloc,40,0x5dedc3289a90,40
485637477747,MEMORY,alloc,40,0x5dedc3289ac0,40
485637478013,MEMORY,alloc,40,0x5dedc3289af0,40
485637478207,MEMORY,alloc,40,0x5dedc3289b20,40
485637478435,MEMORY,alloc,40,0x5dedc3289b50,40
485637478626,MEMORY,alloc,40,0x5dedc3289b80,40
485637478885,MEMORY,alloc,40,0x5dedc3289bb0,40
485637479115,MEMORY,alloc,40,0x5dedc3289be0,40
485637479363,MEMORY,alloc,40,0x5dedc3289c10,40
485637479558,MEMORY,alloc,40,0x5dedc3289c40,40
485637479840,MEMORY,alloc,40,0x5dedc3289c70,40
485637480043,MEMORY,alloc,40,0x5dedc3289ca0,40
485637480287,MEMORY,alloc,40,0x5dedc3289cd0,40
485637480488,MEMORY,alloc,40,0x5dedc3289d00,40
485637480778,MEMORY,alloc,40,0x5dedc3289d30,40
485637481004,MEMORY,alloc,40,0x5dedc3289d60,40
485637481246,MEMORY,alloc,40,0x5dedc3289d90,40
485637481448,MEMORY,alloc,40,0x5dedc3289dc0,40
485637481727,MEMORY,alloc,40,0x5dedc3289df0,40
485637481928,MEMORY,alloc,40,0x5dedc3289e20,40
485637482173,MEMORY,alloc,40,0x5dedc3289e50,40
485637482374,MEMORY,alloc,40,0x5dedc3289e80,40
485637482692,MEMORY,alloc,40,0x5dedc3289eb0,40
485637482923,MEMORY,alloc,40,0x5dedc3289ee0,40
485637483169,MEMORY,alloc,40,0x5dedc3289f10,40
485637483368,MEMORY,alloc,40,0x5dedc3289f40,40
485637483646,MEMORY,alloc,40,0x5dedc3289f70,40
485637483849,MEMORY,alloc,40,0x5dedc3289fa0,40
485637484093,MEMORY,alloc,40,0x5dedc3289fd0,40
485637487584,MEMORY,alloc,40,0x5dedc328a000,40
485637487930,MEMORY,alloc,40,0x5dedc328a030,40
485637488120,MEMORY,alloc,40,0x5dedc328a060,40
485637488324,MEMORY,alloc,40,0x5dedc328a090,40
485637488513,MEMORY,alloc,40,0x5dedc328a0c0,40
485637488760,MEMORY,alloc,40,0x5dedc328a0f0,40
485637488954,MEMORY,alloc,40,0x5dedc328a120,40
485637489185,MEMORY,alloc,40,0x5dedc328a150,40
485637489377,MEMORY,alloc,40,0x5dedc328a180,40
485637489671,MEMORY,alloc,40,0x5dedc328a1b0,40
485637489862,MEMORY,alloc,40,0x5dedc328a1e0,40
485637490091,MEMORY,alloc,40,0x5dedc328a210,40
485637490321,MEMORY,alloc,40,0x5dedc328a240,40
485637493627,MEMORY,alloc,40,0x5dedc328a270,40
485637493821,MEMORY,alloc,40,0x5dedc328a2a0,40
485637494067,MEMORY,alloc,40,0x5dedc328a2d0,40
485637494261,MEMORY,alloc,40,0x5dedc328a300,40
485637494599,MEMORY,alloc,40,0x5dedc328a330,40
485637494793,MEMORY,alloc,40,0x5dedc328a360,40
485637495040,MEMORY,alloc,40,0x5dedc328a390,40
485637495237,MEMORY,alloc,40,0x5dedc328a3c0,40
485637495513,MEMORY,alloc,40,0x5dedc328a3f0,40
485637495712,MEMORY,alloc,40,0x5dedc328a420,40
485637495959,MEMORY,alloc,40,0x5dedc328a450,40
485637496154,MEMORY,alloc,40,0x5dedc328a480,40
485637496437,MEMORY,alloc,40,0x5dedc328a4b0,40
485637496633,MEMORY,alloc,40,0x5dedc328a4e0,40
485637496891,MEMORY,alloc,40,0x5dedc328a510,40
485637497089,MEMORY,alloc,40,0x5dedc328a540,40
485637497361,MEMORY,alloc,40,0x5dedc328a570,40
485637497552,MEMORY,alloc,40,0x5dedc328a5a0,40
485637497757,MEMORY,alloc,40,0x5dedc328a5d0,40
485637497991,MEMORY,alloc,40,0x5dedc328a600,40
485637498355,MEMORY,alloc,40,0x5dedc328a630,40
485637498552,MEMORY,alloc,40,0x5dedc328a660,40
485637498768,MEMORY,alloc,40,0x5dedc328a690,40
485637498962,MEMORY,alloc,40,0x5dedc328a6c0,40
485637499233,MEMORY,alloc,40,0x5dedc328a6f0,40
485637499433,MEMORY,alloc,40,0x5dedc328a720,40
485637499649,MEMORY,alloc,40,0x5dedc328a750,40
485637499844,MEMORY,alloc,40,0x5dedc328a780,40
485637500142,MEMORY,alloc,40,0x5dedc328a7b0,40
485637500346,MEMORY,alloc,40,0x5dedc328a7e0,40
485637500558,MEMORY,alloc,40,0x5dedc328a810,40
485637500752,MEMORY,alloc,40,0x5dedc328a840,40
485637501029,MEMORY,alloc,40,0x5dedc328a870,40
485637501221,MEMORY,alloc,40,0x5dedc328a8a0,40
485637501435,MEMORY,alloc,40,0x5dedc328a8d0,40
485637501635,MEMORY,alloc,40,0x5dedc328a900,40
485637501964,MEMORY,alloc,40,0x5dedc328a930,40
485637502159,MEMORY,alloc,40,0x5dedc328a960,40
485637502370,MEMORY,alloc,40,0x5dedc328a990,40
485637502570,MEMORY,alloc,40,0x5dedc328a9c0,40
485637502844,MEMORY,alloc,40,0x5dedc328a9f0,40
485637503034,MEMORY,alloc,40,0x5dedc328aa20,40
485637503237,MEMORY,alloc,40,0x5dedc328aa50,40
485637503426,MEMORY,alloc,40,0x5dedc328aa80,40
485637503701,MEMORY,alloc,40,0x5dedc328aab0,40
485637503938,MEMORY,alloc,40,0x5dedc328aae0,40
485637504140,MEMORY,alloc,40,0x5dedc328ab10,40
485637504328,MEMORY,alloc,40,0x5dedc328ab40,40
485637504598,MEMORY,alloc,40,0x5dedc328ab70,40
485637504788,MEMORY,alloc,40,0x5dedc328aba0,40
485637505031,MEMORY,alloc,40,0x5dedc328abd0,40
485637505226,MEMORY,alloc,40,0x5dedc328ac00,40
485637505570,MEMORY,alloc,40,0x5dedc328ac30,40
485637505768,MEMORY,alloc,40,0x5dedc328ac60,40
485637505976,MEMORY,alloc,40,0x5dedc328ac90,40
485637506170,MEMORY,alloc,40,0x5dedc328acc0,40
485637506449,MEMORY,alloc,40,0x5dedc328acf0,40
485637506646,MEMORY,alloc,40,0x5dedc328ad20,40
485637506855,MEMORY,alloc,40,0x5dedc328ad50,40
485637507084,MEMORY,alloc,40,0x5dedc328ad80,40
485637507367,MEMORY,alloc,40,0x5dedc328adb0,40
485637507562,MEMORY,alloc,40,0x5dedc328ade0,40
485637507807,MEMORY,alloc,40,0x5dedc328ae10,40
485637507996,MEMORY,alloc,40,0x5dedc328ae40,40
485637508301,MEMORY,alloc,40,0x5dedc328ae70,40
485637508490,MEMORY,alloc,40,0x5dedc328aea0,40
485637508730,MEMORY,alloc,40,0x5dedc328aed0,40
485637508929,MEMORY,alloc,40,0x5dedc328af00,40
485637509271,MEMORY,alloc,40,0x5dedc328af30,40
485637509504,MEMORY,alloc,40,0x5dedc328af60,40
485637509751,MEMORY,alloc,40,0x5dedc328af90,40
485637509964,MEMORY,alloc,40,0x5dedc328afc0,40
485637513240,MEMORY,alloc,40,0x5dedc328aff0,40
485637513509,MEMORY,alloc,40,0x5dedc328b020,40
485637513723,MEMORY,alloc,40,0x5dedc328b050,40
485637513915,MEMORY,alloc,40,0x5dedc328b080,40
485637514185,MEMORY,alloc,40,0x5dedc328b0b0,40
485637514376,MEMORY,alloc,40,0x5dedc328b0e0,40
485637514653,MEMORY,alloc,40,0x5dedc328b110,40
485637514849,MEMORY,alloc,40,0x5dedc328b140,40
